|64|2484|1312|2528|2420|0.000035|35|0.000115|115|0.000035|34|0.000032|32|
|76|2496|1312|2528|2420|0.000030|29|0.000075|75|0.000030|30|0.000031|30|
|91|2511|1312|2528|2420|0.000035|34|0.000182|181|0.000057|56|0.000038|37|
|109|2529|1312|2528|2420|0.000065|65|0.000183|183|0.000065|64|0.000070|69|
|130|2550|1312|2528|2420|0.000055|55|0.000262|262|0.000143|143|0.000057|57|
|156|2576|1312|2528|2420|0.000033|33|0.000079|78|0.000036|35|0.000037|36|
|187|2607|1312|2528|2420|0.000043|43|0.000139|138|0.000061|60|0.000046|45|
|224|2644|1312|2528|2420|0.000045|45|0.000133|133|0.000043|43|0.000045|44|
|268|2688|1312|2528|2420|0.000037|37|0.000102|102|0.000050|50|0.000041|41|
|321|2741|1312|2528|2420|0.000054|53|0.000167|166|0.000059|59|0.000077|77|
|385|2805|1312|2528|2420|0.000073|73|0.000122|121|0.000085|84|0.000051|50|
|462|2882|1312|2528|2420|0.000054|54|0.000133|133|0.000059|58|0.000045|44|
|554|2974|1312|2528|2420|0.000029|29|0.000074|74|0.000032|32|0.000032|32|
|664|3084|1312|2528|2420|0.000029|29|0.000110|110|0.000037|36|0.000033|32|
|796|3216|1312|2528|2420|0.000030|30|0.000069|68|0.000033|33|0.000033|33|
|955|3375|1312|2528|2420|0.000029|29|0.000107|107|0.000034|34|0.000033|33|
|1146|3566|1312|2528|2420|0.000304|303|0.000126|126|0.000044|44|0.000049|48|
|1375|3795|1312|2528|2420|0.000060|60|0.000235|235|0.000077|76|0.000093|92|
|1650|4070|1312|2528|2420|0.000052|51|0.000213|213|0.000075|75|0.000056|56|
|1980|4400|1312|2528|2420|0.000030|29|0.000141|140|0.000038|38|0.000037|37|
|2376|4796|1312|2528|2420|0.000030|29|0.000092|92|0.000039|39|0.000039|38|
|2851|5271|1312|2528|2420|0.000029|29|0.000126|126|0.000047|47|0.000040|40|
|3421|5841|1312|2528|2420|0.000030|30|0.000094|94|0.000047|47|0.000045|45|
|4105|6525|1312|2528|2420|0.000066|66|0.000132|132|0.000045|45|0.000044|44|
|4926|7346|1312|2528|2420|0.000036|36|0.000159|158|0.000074|73|0.000071|71|
|5911|8331|1312|2528|2420|0.000057|56|0.000124|124|0.000053|52|0.000055|55|
|7093|9513|1312|2528|2420|0.000030|29|0.000108|107|0.000059|58|0.000055|54|
|8511|10931|1312|2528|2420|0.000029|29|0.000105|104|0.000062|61|0.000060|59|
|10213|12633|1312|2528|2420|0.000030|29|0.000113|113|0.000068|68|0.000065|65|
|12255|14675|1312|2528|2420|0.000031|31|0.000160|159|0.000082|82|0.000077|76|
|14706|17126|1312|2528|2420|0.000036|35|0.000140|140|0.000104|103|0.000087|87|
|17647|20067|1312|2528|2420|0.000034|34|0.000183|183|0.000111|111|0.000101|101|
|21176|23596|1312|2528|2420|0.000030|29|0.000152|152|0.000108|108|0.000103|103|
|25411|27831|1312|2528|2420|0.000035|35|0.000175|174|0.000153|153|0.000137|137|
|30493|32913|1312|2528|2420|0.000052|51|0.000244|243|0.000177|177|0.000174|173|
|36591|39011|1312|2528|2420|0.000037|37|0.000287|287|0.000222|221|0.000245|245|
|43909|46329|1312|2528|2420|0.000031|30|0.000226|225|0.000198|197|0.000183|183|
|52690|55110|1312|2528|2420|0.000038|37|0.000315|315|0.000294|294|0.000257|256|
|63228|65648|1312|2528|2420|0.000043|43|0.000312|312|0.000276|275|0.000253|252|
|75873|78293|1312|2528|2420|0.000032|31|0.000391|391|0.000314|314|0.000291|290|
|91047|93467|1312|2528|2420|0.000032|31|0.000425|425|0.000423|423|0.000358|357|
|109256|111676|1312|2528|2420|0.000035|34|0.000512|512|0.000519|518|0.000455|455|
|131107|133527|1312|2528|2420|0.000039|38|0.000689|688|0.000600|599|0.000509|508|
|157328|159748|1312|2528|2420|0.000034|34|0.000759|758|0.000679|679|0.000620|619|
|188793|191213|1312|2528|2420|0.000032|32|0.000872|872|0.000982|982|0.000959|958|
|226551|228971|1312|2528|2420|0.000033|32|0.001083|1083|0.000983|983|0.000915|915|
|271861|274281|1312|2528|2420|0.000032|32|0.001176|1175|0.001146|1145|0.001043|1042|
|326233|328653|1312|2528|2420|0.000038|37|0.001404|1404|0.001505|1505|0.001337|1337|
|391479|393899|1312|2528|2420|0.000035|34|0.001574|1573|0.001661|1660|0.001479|1479|
|469774|472194|1312|2528|2420|0.000034|34|0.001794|1794|0.001924|1923|0.001752|1752|
|563728|566148|1312|2528|2420|0.000039|38|0.002200|2199|0.002382|2381|0.002160|2160|
|676473|678893|1312|2528|2420|0.000035|34|0.002901|2900|0.002954|2954|0.002549|2549|
|811767|814187|1312|2528|2420|0.000051|51|0.003732|3731|0.003793|3792|0.003387|3387|
|974120|976540|1312|2528|2420|0.000044|43|0.004467|4466|0.004562|4562|0.003914|3913|
|1168944|1171364|1312|2528|2420|0.000038|37|0.004536|4536|0.004784|4784|0.004501|4501|
|1402732|1405152|1312|2528|2420|0.000040|40|0.005633|5633|0.005702|5702|0.005545|5545|
|1683278|1685698|1312|2528|2420|0.000040|40|0.006645|6645|0.007312|7312|0.006531|6531|
|2019933|2022353|1312|2528|2420|0.000046|45|0.008517|8517|0.009382|9382|0.008897|8897|
|2423919|2426339|1312|2528|2420|0.000055|55|0.010206|10205|0.010767|10766|0.009900|9900|
|2908702|2911122|1312|2528|2420|0.000041|41|0.011346|11346|0.011525|11524|0.010949|10948|
|3490442|3492862|1312|2528|2420|0.000050|50|0.014264|14263|0.014511|14510|0.013758|13757|
|4188530|4190950|1312|2528|2420|0.000067|66|0.016236|16235|0.017020|17020|0.015283|15283|
|5026236|5028656|1312|2528|2420|0.000054|54|0.019179|19178|0.019587|19587|0.018170|18169|
|6031483|6033903|1312|2528|2420|0.000056|56|0.023400|23399|0.024654|24654|0.022388|22388|
|7237779|7240199|1312|2528|2420|0.000055|54|0.032629|32628|0.029497|29497|0.030268|30267|
|8685334|8687754|1312|2528|2420|0.000060|60|0.035901|35901|0.037020|37020|0.034770|34770|
|10422400|10424820|1312|2528|2420|0.000062|61|0.041611|41611|0.041758|41758|0.039040|39039|
|12506880|12509300|1312|2528|2420|0.000060|60|0.051556|51555|0.053171|53170|0.050158|50158|
|15008256|15010676|1312|2528|2420|0.000056|55|0.061197|61197|0.065526|65525|0.060332|60332|
|18009907|18012327|1312|2528|2420|0.000053|53|0.071222|71221|0.078198|78198|0.071408|71407|
|21611888|21614308|1312|2528|2420|0.000055|55|0.086341|86341|0.087686|87686|0.086362|86361|
|25934265|25936685|1312|2528|2420|0.000056|56|0.103796|103796|0.105753|105753|0.100408|100408|
|31121118|31123538|1312|2528|2420|0.000059|59|0.125072|125072|0.131853|131852|0.124135|124134|
|37345341|37347761|1312|2528|2420|0.000058|57|0.149516|149516|0.155331|155330|0.146282|146282|
|44814409|44816829|1312|2528|2420|0.000056|55|0.176738|176737|0.186774|186774|0.181267|181267|
|53777290|53779710|1312|2528|2420|0.000056|56|0.213300|213299|0.222288|222287|0.209658|209657|
|64532748|64535168|1312|2528|2420|0.000064|64|0.250793|250792|0.270176|270176|0.256667|256666|
|77439297|77441717|1312|2528|2420|0.000056|56|0.293490|293489|0.315244|315244|0.293987|293987|
|92927156|92929576|1312|2528|2420|0.000060|59|0.353207|353206|0.375528|375528|0.348589|348589|
|111512587|111515007|1312|2528|2420|0.000058|58|0.422488|422488|0.448680|448679|0.436543|436543|
|133815104|133817524|1312|2528|2420|0.000060|59|0.501231|501230|0.538049|538048|0.517068|517067|
