|32|2452|1312|2528|2420|0.000151|0.000511|0.000263|32|
|64|2452|1312|2528|2420|0.000140|0.000420|0.000195|32|
|128|2452|1312|2528|2420|0.000155|0.000510|0.000155|32|
|256|2452|1312|2528|2420|0.000186|0.000411|0.000115|32|
|512|2452|1312|2528|2420|0.000115|0.000454|0.000124|32|
|1024|2452|1312|2528|2420|0.000117|0.000642|0.000140|32|
|2048|2452|1312|2528|2420|0.000138|0.000523|0.000156|32|
|4096|2452|1312|2528|2420|0.000138|0.000345|0.000216|32|
|8192|2452|1312|2528|2420|0.000138|0.000459|0.000189|32|
|16384|2452|1312|2528|2420|0.000128|0.000410|0.000122|32|
|32768|2452|1312|2528|2420|0.000203|0.000348|0.000121|32|
|65536|2452|1312|2528|2420|0.000180|0.000425|0.000169|32|
|131072|2452|1312|2528|2420|0.000143|0.000329|0.000218|32|
|262144|2452|1312|2528|2420|0.000121|0.000261|0.000114|32|
|524288|2452|1312|2528|2420|0.000133|0.000271|0.000126|32|
|1048576|2452|1312|2528|2420|0.000136|0.000365|0.000105|32|
|2097152|2452|1312|2528|2420|0.000111|0.000209|0.000089|32|
|4194304|2452|1312|2528|2420|0.000104|0.000234|0.000093|32|
|8388608|2452|1312|2528|2420|0.000126|0.000270|0.000102|32|
|16777216|2452|1312|2528|2420|0.000126|0.000318|0.000101|32|
