|32|3325|1952|4000|3293|0.000381|0.001539|0.000369|32|
|64|3357|1952|4000|3293|0.000358|0.001537|0.000342|64|
|128|3421|1952|4000|3293|0.000382|0.001595|0.000360|128|
|256|3549|1952|4000|3293|0.000345|0.001196|0.000332|256|
|512|3805|1952|4000|3293|0.000381|0.001502|0.000364|512|
|1024|4317|1952|4000|3293|0.000383|0.001581|0.000377|1024|
|2048|5341|1952|4000|3293|0.000361|0.001401|0.000367|2048|
|4096|7389|1952|4000|3293|0.000387|0.001587|0.000412|4096|
|8192|11485|1952|4000|3293|0.000340|0.001408|0.000400|8192|
|16384|19677|1952|4000|3293|0.000375|0.001717|0.000534|16384|
|32768|36061|1952|4000|3293|0.000381|0.001619|0.000695|32768|
|65536|68829|1952|4000|3293|0.000372|0.002165|0.001030|65536|
|131072|134365|1952|4000|3293|0.000364|0.002633|0.001652|131072|
|262144|265437|1952|4000|3293|0.000369|0.004113|0.002977|262144|
|524288|527581|1952|4000|3293|0.000388|0.006760|0.005721|524288|
|1048576|1051869|1952|4000|3293|0.000377|0.012029|0.011110|1048576|
|2097152|2100445|1952|4000|3293|0.000383|0.022228|0.021116|2097152|
|4194304|4197597|1952|4000|3293|0.000382|0.043102|0.042385|4194304|
|8388608|8391901|1952|4000|3293|0.000392|0.085842|0.085316|8388608|
|16777216|16780509|1952|4000|3293|0.000452|0.212293|0.210228|16777216|
