|32|4659|2592|4864|4595|0.000171|0.000337|0.000172|64|
|64|4659|2592|4864|4595|0.000148|0.000291|0.000149|64|
|128|4659|2592|4864|4595|0.000158|0.000302|0.000159|64|
|256|4659|2592|4864|4595|0.000158|0.000329|0.000166|64|
|512|4659|2592|4864|4595|0.000167|0.000332|0.000166|64|
|1024|4659|2592|4864|4595|0.000183|0.000401|0.000184|64|
|2048|4659|2592|4864|4595|0.000136|0.000286|0.000135|64|
|4096|4659|2592|4864|4595|0.000139|0.000286|0.000143|64|
|8192|4659|2592|4864|4595|0.000138|0.000290|0.000136|64|
|16384|4659|2592|4864|4595|0.000143|0.000300|0.000138|64|
|32768|4659|2592|4864|4595|0.000141|0.000267|0.000140|64|
|65536|4659|2592|4864|4595|0.000207|0.000391|0.000203|64|
|131072|4659|2592|4864|4595|0.000151|0.000282|0.000147|64|
|262144|4659|2592|4864|4595|0.000142|0.000261|0.000141|64|
|524288|4659|2592|4864|4595|0.000147|0.000279|0.000138|64|
|1048576|4659|2592|4864|4595|0.000150|0.000305|0.000145|64|
|2097152|4659|2592|4864|4595|0.000170|0.000303|0.000150|64|
|4194304|4659|2592|4864|4595|0.000157|0.000293|0.000140|64|
|8388608|4659|2592|4864|4595|0.000155|0.000275|0.000139|64|
|16777216|4659|2592|4864|4595|0.000156|0.000284|0.000140|64|
