|32|4627|2592|4864|4595|0.000136|0.000262|0.000137|32|
|64|4627|2592|4864|4595|0.000136|0.000253|0.000137|32|
|128|4627|2592|4864|4595|0.000136|0.000273|0.000137|32|
|256|4627|2592|4864|4595|0.000139|0.000252|0.000136|32|
|512|4627|2592|4864|4595|0.000143|0.000278|0.000144|32|
|1024|4627|2592|4864|4595|0.000139|0.000275|0.000137|32|
|2048|4627|2592|4864|4595|0.000136|0.000274|0.000140|32|
|4096|4627|2592|4864|4595|0.000133|0.000268|0.000134|32|
|8192|4627|2592|4864|4595|0.000136|0.000277|0.000136|32|
|16384|4627|2592|4864|4595|0.000142|0.000281|0.000139|32|
|32768|4627|2592|4864|4595|0.000137|0.000269|0.000135|32|
|65536|4627|2592|4864|4595|0.000139|0.000273|0.000135|32|
|131072|4627|2592|4864|4595|0.000137|0.000271|0.000138|32|
|262144|4627|2592|4864|4595|0.000139|0.000268|0.000139|32|
|524288|4627|2592|4864|4595|0.000136|0.000293|0.000135|32|
|1048576|4627|2592|4864|4595|0.000143|0.000295|0.000135|32|
|2097152|4627|2592|4864|4595|0.000157|0.000313|0.000146|32|
|4194304|4627|2592|4864|4595|0.000159|0.000250|0.000139|32|
|8388608|4627|2592|4864|4595|0.000156|0.000280|0.000136|32|
|16777216|4627|2592|4864|4595|0.000176|0.000325|0.000253|32|
