|32|4627|2592|4864|4595|0.000163|0.000333|0.000163|32|
|64|4659|2592|4864|4595|0.000155|0.000331|0.000156|64|
|128|4723|2592|4864|4595|0.000153|0.000318|0.000154|128|
|256|4851|2592|4864|4595|0.000146|0.000305|0.000151|256|
|512|5107|2592|4864|4595|0.000150|0.000293|0.000156|512|
|1024|5619|2592|4864|4595|0.000150|0.000342|0.000159|1024|
|2048|6643|2592|4864|4595|0.000138|0.000291|0.000154|2048|
|4096|8691|2592|4864|4595|0.000142|0.000342|0.000178|4096|
|8192|12787|2592|4864|4595|0.000144|0.000343|0.000207|8192|
|16384|20979|2592|4864|4595|0.000143|0.000427|0.000275|16384|
|32768|37363|2592|4864|4595|0.000137|0.000500|0.000385|32768|
|65536|70131|2592|4864|4595|0.000148|0.000782|0.000653|65536|
|131072|135667|2592|4864|4595|0.000143|0.001226|0.001147|131072|
|262144|266739|2592|4864|4595|0.000149|0.002181|0.002152|262144|
|524288|528883|2592|4864|4595|0.000156|0.004217|0.004296|524288|
|1048576|1053171|2592|4864|4595|0.000154|0.007868|0.008159|1048576|
|2097152|2101747|2592|4864|4595|0.000161|0.015659|0.016412|2097152|
|4194304|4198899|2592|4864|4595|0.000159|0.030121|0.031533|4194304|
|8388608|8393203|2592|4864|4595|0.000160|0.060992|0.064201|8388608|
|16777216|16781811|2592|4864|4595|0.000163|0.120889|0.126904|16777216|
