|32|2484|1312|2528|2420|0.000051|0.000147|0.000054|64|
|64|2484|1312|2528|2420|0.000051|0.000147|0.000055|64|
|128|2484|1312|2528|2420|0.000050|0.000137|0.000054|64|
|256|2484|1312|2528|2420|0.000052|0.000148|0.000055|64|
|512|2484|1312|2528|2420|0.000050|0.000131|0.000054|64|
|1024|2484|1312|2528|2420|0.000051|0.000137|0.000054|64|
|2048|2484|1312|2528|2420|0.000050|0.000139|0.000053|64|
|4096|2484|1312|2528|2420|0.000051|0.000150|0.000054|64|
|8192|2484|1312|2528|2420|0.000050|0.000145|0.000053|64|
|16384|2484|1312|2528|2420|0.000050|0.000157|0.000053|64|
|32768|2484|1312|2528|2420|0.000051|0.000134|0.000054|64|
|65536|2484|1312|2528|2420|0.000052|0.000138|0.000054|64|
|131072|2484|1312|2528|2420|0.000051|0.000124|0.000053|64|
|262144|2484|1312|2528|2420|0.000051|0.000130|0.000054|64|
|524288|2484|1312|2528|2420|0.000053|0.000129|0.000054|64|
|1048576|2484|1312|2528|2420|0.000059|0.000155|0.000055|64|
|2097152|2484|1312|2528|2420|0.000072|0.000174|0.000059|64|
|4194304|2484|1312|2528|2420|0.000071|0.000156|0.000056|64|
|8388608|2484|1312|2528|2420|0.000068|0.000158|0.000055|64|
|16777216|2484|1312|2528|2420|0.000068|0.000150|0.000056|64|
