|32|2484|1312|2528|2420|0.000189|0.000912|0.000211|64|
|64|2484|1312|2528|2420|0.000184|0.000754|0.000201|64|
|128|2484|1312|2528|2420|0.000185|0.000912|0.000202|64|
|256|2484|1312|2528|2420|0.000183|0.000870|0.000202|64|
|512|2484|1312|2528|2420|0.000184|0.000818|0.000200|64|
|1024|2484|1312|2528|2420|0.000187|0.000806|0.000205|64|
|2048|2484|1312|2528|2420|0.000181|0.000782|0.000200|64|
|4096|2484|1312|2528|2420|0.000184|0.000880|0.000202|64|
|8192|2484|1312|2528|2420|0.000185|0.000788|0.000207|64|
|16384|2484|1312|2528|2420|0.000181|0.000709|0.000200|64|
|32768|2484|1312|2528|2420|0.000183|0.000853|0.000204|64|
|65536|2484|1312|2528|2420|0.000185|0.000890|0.000202|64|
|131072|2484|1312|2528|2420|0.000184|0.000792|0.000204|64|
|262144|2484|1312|2528|2420|0.000185|0.000896|0.000202|64|
|524288|2484|1312|2528|2420|0.000186|0.000849|0.000201|64|
|1048576|2484|1312|2528|2420|0.000190|0.000782|0.000206|64|
|2097152|2484|1312|2528|2420|0.000194|0.000806|0.000201|64|
|4194304|2484|1312|2528|2420|0.000194|0.000823|0.000204|64|
|8388608|2484|1312|2528|2420|0.000199|0.000875|0.000206|64|
|16777216|2484|1312|2528|2420|0.000193|0.000930|0.000202|64|
