|32|3357|1952|4000|3293|0.000089|0.000255|0.000088|64|
|64|3357|1952|4000|3293|0.000092|0.000251|0.000092|64|
|128|3357|1952|4000|3293|0.000087|0.000243|0.000086|64|
|256|3357|1952|4000|3293|0.000087|0.000240|0.000089|64|
|512|3357|1952|4000|3293|0.000102|0.000250|0.000088|64|
|1024|3357|1952|4000|3293|0.000086|0.000251|0.000093|64|
|2048|3357|1952|4000|3293|0.000086|0.000234|0.000089|64|
|4096|3357|1952|4000|3293|0.000086|0.000235|0.000088|64|
|8192|3357|1952|4000|3293|0.000087|0.000256|0.000089|64|
|16384|3357|1952|4000|3293|0.000092|0.000235|0.000093|64|
|32768|3357|1952|4000|3293|0.000088|0.000219|0.000085|64|
|65536|3357|1952|4000|3293|0.000096|0.000236|0.000090|64|
|131072|3357|1952|4000|3293|0.000096|0.000237|0.000096|64|
|262144|3357|1952|4000|3293|0.000103|0.000251|0.000093|64|
|524288|3357|1952|4000|3293|0.000089|0.000222|0.000087|64|
|1048576|3357|1952|4000|3293|0.000095|0.000265|0.000088|64|
|2097152|3357|1952|4000|3293|0.000097|0.000278|0.000088|64|
|4194304|3357|1952|4000|3293|0.000102|0.000223|0.000088|64|
|8388608|3357|1952|4000|3293|0.000106|0.000241|0.000090|64|
|16777216|3357|1952|4000|3293|0.000104|0.000254|0.000088|64|
