|32|4627|2592|4864|4595|0.000608|0.001671|0.000679|32|
|64|4659|2592|4864|4595|0.000571|0.001682|0.000601|64|
|128|4723|2592|4864|4595|0.000609|0.001908|0.000631|128|
|256|4851|2592|4864|4595|0.000566|0.001816|0.000584|256|
|512|5107|2592|4864|4595|0.000641|0.002106|0.000685|512|
|1024|5619|2592|4864|4595|0.000569|0.001628|0.000612|1024|
|2048|6643|2592|4864|4595|0.000568|0.001957|0.000609|2048|
|4096|8691|2592|4864|4595|0.000595|0.001869|0.000663|4096|
|8192|12787|2592|4864|4595|0.000526|0.001743|0.000644|8192|
|16384|20979|2592|4864|4595|0.000558|0.001833|0.000737|16384|
|32768|37363|2592|4864|4595|0.000583|0.002044|0.000966|32768|
|65536|70131|2592|4864|4595|0.000590|0.002790|0.001331|65536|
|131072|135667|2592|4864|4595|0.000581|0.003225|0.002069|131072|
|262144|266739|2592|4864|4595|0.000569|0.004431|0.003266|262144|
|524288|528883|2592|4864|4595|0.000565|0.007121|0.006084|524288|
|1048576|1053171|2592|4864|4595|0.000573|0.012290|0.011092|1048576|
|2097152|2101747|2592|4864|4595|0.000579|0.022232|0.021612|2097152|
|4194304|4198899|2592|4864|4595|0.000597|0.046685|0.044614|4194304|
|8388608|8393203|2592|4864|4595|0.000638|0.091128|0.089735|8388608|
|16777216|16781811|2592|4864|4595|0.000597|0.181654|0.183700|16777216|
