|32|4659|2592|4864|4595|0.000719|0.002126|0.000774|64|
|64|4659|2592|4864|4595|0.000672|0.002302|0.000700|64|
|128|4659|2592|4864|4595|0.000700|0.002473|0.000749|64|
|256|4659|2592|4864|4595|0.000690|0.002318|0.000724|64|
|512|4659|2592|4864|4595|0.000659|0.002122|0.000687|64|
|1024|4659|2592|4864|4595|0.000673|0.002414|0.000712|64|
|2048|4659|2592|4864|4595|0.000656|0.002079|0.000680|64|
|4096|4659|2592|4864|4595|0.000698|0.002357|0.000722|64|
|8192|4659|2592|4864|4595|0.000676|0.002388|0.000721|64|
|16384|4659|2592|4864|4595|0.000741|0.002297|0.000695|64|
|32768|4659|2592|4864|4595|0.000620|0.002159|0.000645|64|
|65536|4659|2592|4864|4595|0.000669|0.001999|0.000679|64|
|131072|4659|2592|4864|4595|0.000650|0.002006|0.000681|64|
|262144|4659|2592|4864|4595|0.000673|0.002338|0.000692|64|
|524288|4659|2592|4864|4595|0.000696|0.002331|0.000707|64|
|1048576|4659|2592|4864|4595|0.000673|0.002108|0.000671|64|
|2097152|4659|2592|4864|4595|0.000705|0.002091|0.000719|64|
|4194304|4659|2592|4864|4595|0.000606|0.002089|0.000646|64|
|8388608|4659|2592|4864|4595|0.000633|0.001915|0.000631|64|
|16777216|4659|2592|4864|4595|0.000596|0.001907|0.000626|64|
