|32|3325|1952|4000|3293|0.000094|0.000239|0.000095|32|
|64|3325|1952|4000|3293|0.000091|0.000258|0.000090|32|
|128|3325|1952|4000|3293|0.000086|0.000202|0.000086|32|
|256|3325|1952|4000|3293|0.000090|0.000231|0.000089|32|
|512|3325|1952|4000|3293|0.000084|0.000223|0.000085|32|
|1024|3325|1952|4000|3293|0.000086|0.000242|0.000086|32|
|2048|3325|1952|4000|3293|0.000099|0.000287|0.000098|32|
|4096|3325|1952|4000|3293|0.000085|0.000233|0.000085|32|
|8192|3325|1952|4000|3293|0.000086|0.000214|0.000085|32|
|16384|3325|1952|4000|3293|0.000084|0.000222|0.000084|32|
|32768|3325|1952|4000|3293|0.000086|0.000222|0.000085|32|
|65536|3325|1952|4000|3293|0.000085|0.000226|0.000085|32|
|131072|3325|1952|4000|3293|0.000086|0.000224|0.000086|32|
|262144|3325|1952|4000|3293|0.000088|0.000215|0.000087|32|
|524288|3325|1952|4000|3293|0.000089|0.000217|0.000089|32|
|1048576|3325|1952|4000|3293|0.000092|0.000234|0.000086|32|
|2097152|3325|1952|4000|3293|0.000094|0.000235|0.000085|32|
|4194304|3325|1952|4000|3293|0.000099|0.000234|0.000087|32|
|8388608|3325|1952|4000|3293|0.000107|0.000224|0.000089|32|
|16777216|3325|1952|4000|3293|0.000108|0.000257|0.000092|32|
