|32|2452|1312|2528|2420|0.000055|0.000167|0.000060|32|
|64|2484|1312|2528|2420|0.000052|0.000141|0.000055|64|
|128|2548|1312|2528|2420|0.000051|0.000149|0.000056|128|
|256|2676|1312|2528|2420|0.000050|0.000142|0.000057|256|
|512|2932|1312|2528|2420|0.000051|0.000150|0.000059|512|
|1024|3444|1312|2528|2420|0.000049|0.000147|0.000059|1024|
|2048|4468|1312|2528|2420|0.000054|0.000176|0.000079|2048|
|4096|6516|1312|2528|2420|0.000061|0.000211|0.000119|4096|
|8192|10612|1312|2528|2420|0.000050|0.000201|0.000117|8192|
|16384|18804|1312|2528|2420|0.000051|0.000260|0.000176|16384|
|32768|35188|1312|2528|2420|0.000055|0.000374|0.000311|32768|
|65536|67956|1312|2528|2420|0.000052|0.000600|0.000546|65536|
|131072|133492|1312|2528|2420|0.000051|0.001072|0.001030|131072|
|262144|264564|1312|2528|2420|0.000056|0.002048|0.002053|262144|
|524288|526708|1312|2528|2420|0.000058|0.003806|0.003935|524288|
|1048576|1050996|1312|2528|2420|0.000062|0.007519|0.007903|1048576|
|2097152|2099572|1312|2528|2420|0.000066|0.014935|0.015754|2097152|
|4194304|4196724|1312|2528|2420|0.000068|0.029641|0.031626|4194304|
|8388608|8391028|1312|2528|2420|0.000079|0.062123|0.066497|8388608|
|16777216|16779636|1312|2528|2420|0.000070|0.119152|0.126210|16777216|
