|32|2452|1312|2528|2420|0.000195|0.000845|0.000210|32|
|64|2452|1312|2528|2420|0.000218|0.000899|0.000239|32|
|128|2452|1312|2528|2420|0.000208|0.001047|0.000235|32|
|256|2452|1312|2528|2420|0.000198|0.000809|0.000220|32|
|512|2452|1312|2528|2420|0.000231|0.000956|0.000262|32|
|1024|2452|1312|2528|2420|0.000241|0.001149|0.000258|32|
|2048|2452|1312|2528|2420|0.000193|0.000954|0.000221|32|
|4096|2452|1312|2528|2420|0.000203|0.000839|0.000225|32|
|8192|2452|1312|2528|2420|0.000229|0.000835|0.000248|32|
|16384|2452|1312|2528|2420|0.000198|0.000920|0.000215|32|
|32768|2452|1312|2528|2420|0.000195|0.000841|0.000218|32|
|65536|2452|1312|2528|2420|0.000193|0.000937|0.000213|32|
|131072|2452|1312|2528|2420|0.000198|0.000834|0.000214|32|
|262144|2452|1312|2528|2420|0.000236|0.001204|0.000253|32|
|524288|2452|1312|2528|2420|0.000220|0.000972|0.000234|32|
|1048576|2452|1312|2528|2420|0.000203|0.000995|0.000218|32|
|2097152|2452|1312|2528|2420|0.000210|0.000897|0.000224|32|
|4194304|2452|1312|2528|2420|0.000209|0.000865|0.000222|32|
|8388608|2452|1312|2528|2420|0.000213|0.000874|0.000217|32|
|16777216|2452|1312|2528|2420|0.000215|0.001003|0.000226|32|
