|32|4627|2592|4864|4595|0.000687|0.002181|0.000750|32|
|64|4627|2592|4864|4595|0.000673|0.002336|0.000699|32|
|128|4627|2592|4864|4595|0.000647|0.002093|0.000681|32|
|256|4627|2592|4864|4595|0.000665|0.002107|0.000727|32|
|512|4627|2592|4864|4595|0.000681|0.002269|0.000732|32|
|1024|4627|2592|4864|4595|0.000582|0.001769|0.000596|32|
|2048|4627|2592|4864|4595|0.000578|0.001732|0.000601|32|
|4096|4627|2592|4864|4595|0.000574|0.001814|0.000597|32|
|8192|4627|2592|4864|4595|0.000546|0.001806|0.000565|32|
|16384|4627|2592|4864|4595|0.000534|0.001633|0.000584|32|
|32768|4627|2592|4864|4595|0.000592|0.001728|0.000610|32|
|65536|4627|2592|4864|4595|0.000761|0.002187|0.000825|32|
|131072|4627|2592|4864|4595|0.001219|0.003500|0.000968|32|
|262144|4627|2592|4864|4595|0.000709|0.002560|0.000852|32|
|524288|4627|2592|4864|4595|0.000733|0.002146|0.000729|32|
|1048576|4627|2592|4864|4595|0.000716|0.002238|0.000719|32|
|2097152|4627|2592|4864|4595|0.000670|0.002069|0.000698|32|
|4194304|4627|2592|4864|4595|0.000662|0.002050|0.000668|32|
|8388608|4627|2592|4864|4595|0.000666|0.002000|0.000696|32|
|16777216|4627|2592|4864|4595|0.000708|0.002192|0.000719|32|
