|32|3325|1952|4000|3293|0.000426|0.001641|0.000407|32|
|64|3325|1952|4000|3293|0.000383|0.001570|0.000367|32|
|128|3325|1952|4000|3293|0.000408|0.001559|0.000396|32|
|256|3325|1952|4000|3293|0.000470|0.001698|0.000461|32|
|512|3325|1952|4000|3293|0.000400|0.001487|0.000387|32|
|1024|3325|1952|4000|3293|0.000347|0.001368|0.000331|32|
|2048|3325|1952|4000|3293|0.000393|0.001363|0.000394|32|
|4096|3325|1952|4000|3293|0.000395|0.001417|0.000382|32|
|8192|3325|1952|4000|3293|0.000415|0.001540|0.000403|32|
|16384|3325|1952|4000|3293|0.000406|0.001380|0.000396|32|
|32768|3325|1952|4000|3293|0.000367|0.001399|0.000353|32|
|65536|3325|1952|4000|3293|0.000380|0.001377|0.000357|32|
|131072|3325|1952|4000|3293|0.000367|0.001623|0.000356|32|
|262144|3325|1952|4000|3293|0.000404|0.001468|0.000381|32|
|524288|3325|1952|4000|3293|0.000414|0.001680|0.000390|32|
|1048576|3325|1952|4000|3293|0.000441|0.001813|0.000400|32|
|2097152|3325|1952|4000|3293|0.000414|0.001721|0.000383|32|
|4194304|3325|1952|4000|3293|0.000425|0.001540|0.000393|32|
|8388608|3325|1952|4000|3293|0.000404|0.001359|0.000376|32|
|16777216|3325|1952|4000|3293|0.000469|0.001690|0.000384|32|
