|32|2452|1312|2528|2420|0.000197|0.000905|0.000214|32|
|64|2484|1312|2528|2420|0.000187|0.000893|0.000207|64|
|128|2548|1312|2528|2420|0.000189|0.000864|0.000212|128|
|256|2676|1312|2528|2420|0.000191|0.000861|0.000215|256|
|512|2932|1312|2528|2420|0.000207|0.000866|0.000229|512|
|1024|3444|1312|2528|2420|0.000198|0.000825|0.000228|1024|
|2048|4468|1312|2528|2420|0.000190|0.000852|0.000231|2048|
|4096|6516|1312|2528|2420|0.000206|0.000938|0.000267|4096|
|8192|10612|1312|2528|2420|0.000195|0.001054|0.000294|8192|
|16384|18804|1312|2528|2420|0.000191|0.001033|0.000355|16384|
|32768|35188|1312|2528|2420|0.000185|0.001097|0.000502|32768|
|65536|67956|1312|2528|2420|0.000189|0.001372|0.000818|65536|
|131072|133492|1312|2528|2420|0.000191|0.002085|0.001422|131072|
|262144|264564|1312|2528|2420|0.000197|0.003270|0.002704|262144|
|524288|526708|1312|2528|2420|0.000195|0.005643|0.005105|524288|
|1048576|1050996|1312|2528|2420|0.000202|0.010856|0.010186|1048576|
|2097152|2099572|1312|2528|2420|0.000202|0.020495|0.019940|2097152|
|4194304|4196724|1312|2528|2420|0.000201|0.040063|0.039658|4194304|
|8388608|8391028|1312|2528|2420|0.000207|0.079606|0.079181|8388608|
|16777216|16779636|1312|2528|2420|0.000197|0.152190|0.152353|16777216|
