|32|3357|1952|4000|3293|0.000402|0.001562|0.000393|64|
|64|3357|1952|4000|3293|0.000423|0.001557|0.000395|64|
|128|3357|1952|4000|3293|0.000422|0.001628|0.000405|64|
|256|3357|1952|4000|3293|0.000430|0.001569|0.000417|64|
|512|3357|1952|4000|3293|0.000391|0.001564|0.000371|64|
|1024|3357|1952|4000|3293|0.000468|0.001875|0.000453|64|
|2048|3357|1952|4000|3293|0.000420|0.001594|0.000422|64|
|4096|3357|1952|4000|3293|0.000430|0.001840|0.000402|64|
|8192|3357|1952|4000|3293|0.000404|0.001601|0.000402|64|
|16384|3357|1952|4000|3293|0.000454|0.002194|0.000433|64|
|32768|3357|1952|4000|3293|0.000473|0.001674|0.000426|64|
|65536|3357|1952|4000|3293|0.000412|0.001637|0.000417|64|
|131072|3357|1952|4000|3293|0.000423|0.001444|0.000394|64|
|262144|3357|1952|4000|3293|0.000412|0.001705|0.000386|64|
|524288|3357|1952|4000|3293|0.000378|0.001526|0.000365|64|
|1048576|3357|1952|4000|3293|0.000452|0.001412|0.000400|64|
|2097152|3357|1952|4000|3293|0.000395|0.001613|0.000359|64|
|4194304|3357|1952|4000|3293|0.000393|0.001556|0.000365|64|
|8388608|3357|1952|4000|3293|0.000430|0.001554|0.000395|64|
|16777216|3357|1952|4000|3293|0.000402|0.001584|0.000364|64|
