|32|3325|1952|4000|3293|0.000115|0.000278|0.000113|32|
|64|3357|1952|4000|3293|0.000100|0.000257|0.000100|64|
|128|3421|1952|4000|3293|0.000106|0.000299|0.000109|128|
|256|3549|1952|4000|3293|0.000114|0.000308|0.000116|256|
|512|3805|1952|4000|3293|0.000104|0.000294|0.000111|512|
|1024|4317|1952|4000|3293|0.000113|0.000325|0.000123|1024|
|2048|5341|1952|4000|3293|0.000105|0.000275|0.000124|2048|
|4096|7389|1952|4000|3293|0.000092|0.000239|0.000124|4096|
|8192|11485|1952|4000|3293|0.000100|0.000332|0.000171|8192|
|16384|19677|1952|4000|3293|0.000095|0.000373|0.000228|16384|
|32768|36061|1952|4000|3293|0.000088|0.000451|0.000326|32768|
|65536|68829|1952|4000|3293|0.000102|0.000797|0.000684|65536|
|131072|134365|1952|4000|3293|0.000091|0.001202|0.001098|131072|
|262144|265437|1952|4000|3293|0.000090|0.002092|0.002065|262144|
|524288|527581|1952|4000|3293|0.000098|0.004020|0.004013|524288|
|1048576|1051869|1952|4000|3293|0.000101|0.007857|0.008160|1048576|
|2097152|2100445|1952|4000|3293|0.000103|0.015275|0.015856|2097152|
|4194304|4197597|1952|4000|3293|0.000104|0.029103|0.030676|4194304|
|8388608|8391901|1952|4000|3293|0.000107|0.058668|0.061668|8388608|
|16777216|16780509|1952|4000|3293|0.000108|0.115486|0.121698|16777216|
