|32|688|897|1281|656|0.013480|0.000446|0.000092|32|
|64|716|897|1281|652|0.014417|0.000444|0.000094|64|
|128|784|897|1281|656|0.013997|0.000443|0.000092|128|
|256|911|897|1281|655|0.014290|0.000443|0.000093|256|
|512|1166|897|1281|654|0.013808|0.000449|0.000096|512|
|1024|1682|897|1281|658|0.013848|0.000450|0.000098|1024|
|2048|2704|897|1281|656|0.014549|0.000465|0.000106|2048|
|4096|4752|897|1281|656|0.014220|0.000470|0.000117|4096|
|8192|8849|897|1281|657|0.014071|0.000492|0.000144|8192|
|16384|17038|897|1281|654|0.013915|0.000543|0.000191|16384|
|32768|33423|897|1281|655|0.013749|0.000644|0.000292|32768|
|65536|66191|897|1281|655|0.014455|0.000846|0.000491|65536|
|131072|131727|897|1281|655|0.014189|0.001244|0.000890|131072|
|262144|262803|897|1281|659|0.013647|0.002053|0.001679|262144|
|524288|524946|897|1281|658|0.014416|0.003665|0.003255|524288|
|1048576|1049232|897|1281|656|0.013674|0.006873|0.006453|1048576|
|2097152|2097809|897|1281|657|0.013524|0.013322|0.012979|2097152|
|4194304|4194956|897|1281|652|0.014022|0.026037|0.025774|4194304|
|8388608|8389269|897|1281|661|0.014511|0.051854|0.051494|8388608|
|16777216|16777870|897|1281|654|0.014146|0.104447|0.102631|16777216|
