|32|689|897|1281|657|0.014391|0.000446|0.000093|64|
|64|715|897|1281|651|0.013535|0.000445|0.000093|64|
|128|787|897|1281|659|0.014318|0.000459|0.000094|64|
|256|912|897|1281|656|0.014238|0.000445|0.000118|64|
|512|1163|897|1281|651|0.014837|0.000445|0.000093|64|
|1024|1679|897|1281|655|0.013661|0.000447|0.000092|64|
|2048|2704|897|1281|656|0.013915|0.000445|0.000092|64|
|4096|4751|897|1281|655|0.013701|0.000457|0.000094|64|
|8192|8847|897|1281|655|0.014085|0.000454|0.000094|64|
|16384|17038|897|1281|654|0.014637|0.000445|0.000093|64|
|32768|33427|897|1281|659|0.014381|0.000451|0.000092|64|
|65536|66191|897|1281|655|0.014358|0.000451|0.000094|64|
|131072|131730|897|1281|658|0.014335|0.000455|0.000094|64|
|262144|262800|897|1281|656|0.013883|0.000446|0.000093|64|
|524288|524944|897|1281|656|0.014926|0.000448|0.000092|64|
|1048576|1049229|897|1281|653|0.014323|0.000445|0.000093|64|
|2097152|2097805|897|1281|653|0.014404|0.000452|0.000095|64|
|4194304|4194960|897|1281|656|0.014396|0.000452|0.000094|64|
|8388608|8389264|897|1281|656|0.013885|0.000444|0.000093|64|
|16777216|16777870|897|1281|654|0.014148|0.000446|0.000096|64|
