|32|685|897|1281|653|0.013561|0.000597|0.000092|32|
|64|722|897|1281|658|0.014400|0.000599|0.000092|32|
|128|787|897|1281|659|0.014552|0.000611|0.000095|32|
|256|909|897|1281|653|0.013677|0.000597|0.000092|32|
|512|1170|897|1281|658|0.013967|0.000616|0.000094|32|
|1024|1675|897|1281|651|0.014248|0.000600|0.000092|32|
|2048|2702|897|1281|654|0.013738|0.000610|0.000093|32|
|4096|4750|897|1281|654|0.014144|0.000596|0.000092|32|
|8192|8844|897|1281|652|0.014597|0.000604|0.000093|32|
|16384|17038|897|1281|654|0.014594|0.000598|0.000092|32|
|32768|33427|897|1281|659|0.014187|0.000601|0.000093|32|
|65536|66190|897|1281|654|0.014329|0.000602|0.000092|32|
|131072|131729|897|1281|657|0.014084|0.000611|0.000093|32|
|262144|262798|897|1281|654|0.014087|0.000625|0.000092|32|
|524288|524942|897|1281|654|0.014811|0.000600|0.000093|32|
|1048576|1049233|897|1281|657|0.014335|0.000609|0.000093|32|
|2097152|2097804|897|1281|652|0.014280|0.000602|0.000092|32|
|4194304|4194963|897|1281|659|0.013904|0.000595|0.000092|32|
|8388608|8389262|897|1281|654|0.014343|0.000612|0.000096|32|
|16777216|16777869|897|1281|653|0.014458|0.000597|0.000092|32|
