|32|1301|1793|2305|1269|0.041453|0.001200|0.000182|32|
|64|1333|1793|2305|1269|0.042967|0.001200|0.000186|64|
|128|1399|1793|2305|1271|0.045603|0.001209|0.000183|128|
|256|1531|1793|2305|1275|0.041993|0.001236|0.000187|256|
|512|1783|1793|2305|1271|0.044260|0.001204|0.000186|512|
|1024|2292|1793|2305|1268|0.042256|0.001203|0.000188|1024|
|2048|3317|1793|2305|1269|0.042035|0.001232|0.000197|2048|
|4096|5360|1793|2305|1264|0.048147|0.001746|0.000231|4096|
|8192|9464|1793|2305|1272|0.053145|0.001357|0.000237|8192|
|16384|17660|1793|2305|1276|0.045001|0.001324|0.000289|16384|
|32768|34040|1793|2305|1272|0.041628|0.001408|0.000379|32768|
|65536|66808|1793|2305|1272|0.042142|0.001603|0.000578|65536|
|131072|132347|1793|2305|1275|0.043265|0.001997|0.000975|131072|
|262144|263412|1793|2305|1268|0.046272|0.002792|0.002146|262144|
|524288|525558|1793|2305|1270|0.045526|0.004376|0.003357|524288|
|1048576|1049843|1793|2305|1267|0.044177|0.007556|0.006571|1048576|
|2097152|2098426|1793|2305|1274|0.043186|0.014032|0.012954|2097152|
|4194304|4195570|1793|2305|1266|0.044070|0.031552|0.025889|4194304|
|8388608|8389880|1793|2305|1272|0.042775|0.052518|0.051324|8388608|
|16777216|16778487|1793|2305|1271|0.043757|0.108159|0.103736|16777216|
