|32|1306|1793|2305|1274|0.044987|0.000882|0.000182|32|
|64|1333|1793|2305|1269|0.042405|0.000891|0.000183|64|
|128|1400|1793|2305|1272|0.043101|0.000886|0.000182|128|
|256|1529|1793|2305|1273|0.044318|0.000882|0.000183|256|
|512|1780|1793|2305|1268|0.041361|0.000883|0.000186|512|
|1024|2302|1793|2305|1278|0.042126|0.000894|0.000208|1024|
|2048|3321|1793|2305|1273|0.044927|0.000893|0.000194|2048|
|4096|5366|1793|2305|1270|0.042496|0.000908|0.000210|4096|
|8192|9466|1793|2305|1274|0.041588|0.000935|0.000237|8192|
|16384|17650|1793|2305|1266|0.040874|0.000993|0.000284|16384|
|32768|34044|1793|2305|1276|0.041715|0.001083|0.000381|32768|
|65536|66804|1793|2305|1268|0.042479|0.001301|0.000578|65536|
|131072|132333|1793|2305|1261|0.040799|0.001682|0.000986|131072|
|262144|263416|1793|2305|1272|0.041901|0.002484|0.001783|262144|
|524288|525559|1793|2305|1271|0.040480|0.004096|0.003406|524288|
|1048576|1049845|1793|2305|1269|0.073013|0.008122|0.007400|1048576|
|2097152|2098425|1793|2305|1273|0.044219|0.013882|0.013215|2097152|
|4194304|4195578|1793|2305|1274|0.042895|0.026779|0.025971|4194304|
|8388608|8389881|1793|2305|1273|0.042274|0.052361|0.052606|8388608|
|16777216|16778485|1793|2305|1269|0.042541|0.103709|0.102860|16777216|
