|32|1302|1793|2305|1270|0.043089|0.000905|0.000188|32|
|64|1337|1793|2305|1273|0.041801|0.000918|0.000182|32|
|128|1398|1793|2305|1270|0.042924|0.000889|0.000182|32|
|256|1529|1793|2305|1273|0.042937|0.000891|0.000182|32|
|512|1782|1793|2305|1270|0.040593|0.000893|0.000183|32|
|1024|2293|1793|2305|1269|0.042187|0.000903|0.000185|32|
|2048|3319|1793|2305|1271|0.042976|0.000911|0.000186|32|
|4096|5367|1793|2305|1271|0.043756|0.000896|0.000182|32|
|8192|9463|1793|2305|1271|0.041942|0.000900|0.000183|32|
|16384|17653|1793|2305|1269|0.041555|0.000894|0.000193|32|
|32768|34038|1793|2305|1270|0.042363|0.000896|0.000183|32|
|65536|66810|1793|2305|1274|0.040844|0.000889|0.000182|32|
|131072|132338|1793|2305|1266|0.043449|0.000890|0.000182|32|
|262144|263410|1793|2305|1266|0.043568|0.000903|0.000185|32|
|524288|525558|1793|2305|1270|0.043642|0.000907|0.000185|32|
|1048576|1049849|1793|2305|1273|0.040927|0.000891|0.000182|32|
|2097152|2098418|1793|2305|1266|0.041416|0.000915|0.000183|32|
|4194304|4195575|1793|2305|1271|0.043170|0.000891|0.000183|32|
|8388608|8389881|1793|2305|1273|0.043950|0.000897|0.000182|32|
|16777216|16778487|1793|2305|1271|0.042165|0.000899|0.000185|32|
