|32|691|897|1281|659|0.015837|0.000600|0.000097|32|
|64|718|897|1281|654|0.014484|0.000596|0.000092|64|
|128|783|897|1281|655|0.014371|0.000603|0.000093|128|
|256|911|897|1281|655|0.014673|0.000608|0.000094|256|
|512|1166|897|1281|654|0.013897|0.000638|0.000097|512|
|1024|1678|897|1281|654|0.015250|0.000614|0.000099|1024|
|2048|2703|897|1281|655|0.013862|0.000610|0.000109|2048|
|4096|4752|897|1281|656|0.014177|0.000628|0.000117|4096|
|8192|8843|897|1281|651|0.014562|0.000651|0.000141|8192|
|16384|17045|897|1281|661|0.014675|0.000716|0.000191|16384|
|32768|33421|897|1281|653|0.013830|0.000797|0.000301|32768|
|65536|66192|897|1281|656|0.013968|0.000989|0.000487|65536|
|131072|131722|897|1281|650|0.014665|0.001387|0.000882|131072|
|262144|262797|897|1281|653|0.014430|0.002197|0.001693|262144|
|524288|524945|897|1281|657|0.014086|0.003827|0.003274|524288|
|1048576|1049226|897|1281|650|0.014238|0.006997|0.006506|1048576|
|2097152|2097814|897|1281|662|0.015233|0.013371|0.012939|2097152|
|4194304|4194963|897|1281|659|0.014493|0.026336|0.025633|4194304|
|8388608|8389262|897|1281|654|0.015283|0.051879|0.051547|8388608|
|16777216|16777869|897|1281|653|0.014884|0.103323|0.102761|16777216|
