|32|690|897|1281|658|0.014210|0.000448|0.000093|32|
|64|720|897|1281|656|0.014569|0.000452|0.000094|32|
|128|782|897|1281|654|0.014516|0.000453|0.000092|32|
|256|915|897|1281|659|0.013887|0.000445|0.000092|32|
|512|1167|897|1281|655|0.014584|0.000445|0.000092|32|
|1024|1680|897|1281|656|0.014445|0.000442|0.000092|32|
|2048|2706|897|1281|658|0.014684|0.000447|0.000092|32|
|4096|4748|897|1281|652|0.013440|0.000453|0.000092|32|
|8192|8848|897|1281|656|0.013652|0.000453|0.000094|32|
|16384|17038|897|1281|654|0.014217|0.000451|0.000093|32|
|32768|33425|897|1281|657|0.013827|0.000450|0.000093|32|
|65536|66191|897|1281|655|0.014583|0.000444|0.000092|32|
|131072|131725|897|1281|653|0.014072|0.000450|0.000093|32|
|262144|262803|897|1281|659|0.013882|0.000452|0.000092|32|
|524288|524942|897|1281|654|0.014114|0.000447|0.000093|32|
|1048576|1049230|897|1281|654|0.013722|0.000451|0.000093|32|
|2097152|2097804|897|1281|652|0.014040|0.000445|0.000093|32|
|4194304|4194958|897|1281|654|0.014892|0.000446|0.000096|32|
|8388608|8389265|897|1281|657|0.014254|0.000448|0.000093|32|
|16777216|16777870|897|1281|654|0.014240|0.000443|0.000093|32|
