|32|1302|1793|2305|1270|0.043157|0.001198|0.000186|64|
|64|1335|1793|2305|1271|0.044458|0.001211|0.000183|64|
|128|1399|1793|2305|1271|0.041514|0.001207|0.000185|64|
|256|1525|1793|2305|1269|0.040962|0.001197|0.000181|64|
|512|1783|1793|2305|1271|0.043649|0.001209|0.000184|64|
|1024|2299|1793|2305|1275|0.041919|0.001200|0.000183|64|
|2048|3323|1793|2305|1275|0.040635|0.001205|0.000218|64|
|4096|5366|1793|2305|1270|0.041211|0.001197|0.000182|64|
|8192|9461|1793|2305|1269|0.042094|0.001205|0.000186|64|
|16384|17659|1793|2305|1275|0.042065|0.001196|0.000182|64|
|32768|34042|1793|2305|1274|0.044392|0.001206|0.000183|64|
|65536|66809|1793|2305|1273|0.041626|0.001223|0.000185|64|
|131072|132343|1793|2305|1271|0.041741|0.001196|0.000182|64|
|262144|263416|1793|2305|1272|0.041665|0.001198|0.000181|64|
|524288|525561|1793|2305|1273|0.042193|0.001210|0.000184|64|
|1048576|1049847|1793|2305|1271|0.044414|0.001202|0.000182|64|
|2097152|2098423|1793|2305|1271|0.040801|0.001223|0.000184|64|
|4194304|4195573|1793|2305|1269|0.043264|0.001199|0.000182|64|
|8388608|8389878|1793|2305|1270|0.041542|0.001198|0.000182|64|
|16777216|16778490|1793|2305|1274|0.041929|0.001201|0.000182|64|
