|32|1303|1793|2305|1271|0.042809|0.000900|0.000182|64|
|64|1332|1793|2305|1268|0.044207|0.000900|0.000183|64|
|128|1393|1793|2305|1265|0.041750|0.000915|0.000183|64|
|256|1527|1793|2305|1271|0.042611|0.000918|0.000185|64|
|512|1783|1793|2305|1271|0.041503|0.000933|0.000183|64|
|1024|2289|1793|2305|1265|0.040367|0.000919|0.000183|64|
|2048|3327|1793|2305|1279|0.043542|0.000917|0.000183|64|
|4096|5365|1793|2305|1269|0.042497|0.000898|0.000183|64|
|8192|9462|1793|2305|1270|0.043519|0.000921|0.000183|64|
|16384|17656|1793|2305|1272|0.040906|0.000920|0.000182|64|
|32768|34036|1793|2305|1268|0.042309|0.000917|0.000184|64|
|65536|66804|1793|2305|1268|0.040896|0.000907|0.000183|64|
|131072|132339|1793|2305|1267|0.044636|0.000899|0.000184|64|
|262144|263418|1793|2305|1274|0.040856|0.000923|0.000186|64|
|524288|525563|1793|2305|1275|0.042116|0.000906|0.000183|64|
|1048576|1049844|1793|2305|1268|0.044304|0.000907|0.000182|64|
|2097152|2098423|1793|2305|1271|0.041607|0.000920|0.000184|64|
|4194304|4195581|1793|2305|1277|0.041454|0.000920|0.000185|64|
|8388608|8389875|1793|2305|1267|0.041759|0.000994|0.000186|64|
|16777216|16778486|1793|2305|1270|0.040765|0.000905|0.000182|64|
