|32|683|897|1281|651|0.014613|0.000598|0.000093|64|
|64|718|897|1281|654|0.013527|0.000597|0.000092|64|
|128|781|897|1281|653|0.014135|0.000627|0.000092|64|
|256|909|897|1281|653|0.014469|0.000597|0.000092|64|
|512|1170|897|1281|658|0.014433|0.000600|0.000092|64|
|1024|1681|897|1281|657|0.014488|0.000603|0.000092|64|
|2048|2704|897|1281|656|0.014818|0.000597|0.000092|64|
|4096|4750|897|1281|654|0.013774|0.000604|0.000093|64|
|8192|8846|897|1281|654|0.013571|0.000599|0.000092|64|
|16384|17041|897|1281|657|0.013987|0.000600|0.000091|64|
|32768|33420|897|1281|652|0.013768|0.000625|0.000093|64|
|65536|66191|897|1281|655|0.014599|0.000597|0.000092|64|
|131072|131728|897|1281|656|0.013847|0.000597|0.000092|64|
|262144|262800|897|1281|656|0.013515|0.000616|0.000092|64|
|524288|524941|897|1281|653|0.013732|0.000637|0.000092|64|
|1048576|1049226|897|1281|650|0.014842|0.000605|0.000093|64|
|2097152|2097808|897|1281|656|0.015158|0.000598|0.000091|64|
|4194304|4194963|897|1281|659|0.014001|0.000599|0.000091|64|
|8388608|8389260|897|1281|652|0.013912|0.000595|0.000092|64|
|16777216|16777873|897|1281|657|0.014307|0.000601|0.000094|64|
