|32|1303|1793|2305|1271|0.041864|0.001192|0.000185|32|
|64|1334|1793|2305|1270|0.041970|0.001206|0.000183|32|
|128|1398|1793|2305|1270|0.042548|0.001301|0.000184|32|
|256|1525|1793|2305|1269|0.042942|0.001198|0.000183|32|
|512|1780|1793|2305|1268|0.040965|0.001204|0.000185|32|
|1024|2297|1793|2305|1273|0.043647|0.001242|0.000183|32|
|2048|3312|1793|2305|1264|0.043800|0.001202|0.000182|32|
|4096|5370|1793|2305|1274|0.042564|0.001206|0.000183|32|
|8192|9463|1793|2305|1271|0.042218|0.001219|0.000186|32|
|16384|17654|1793|2305|1270|0.044088|0.001233|0.000182|32|
|32768|34038|1793|2305|1270|0.042446|0.001198|0.000183|32|
|65536|66804|1793|2305|1268|0.042943|0.001209|0.000182|32|
|131072|132338|1793|2305|1266|0.043591|0.001196|0.000184|32|
|262144|263416|1793|2305|1272|0.044275|0.001210|0.000181|32|
|524288|525564|1793|2305|1276|0.044388|0.001201|0.000183|32|
|1048576|1049850|1793|2305|1274|0.041946|0.001210|0.000182|32|
|2097152|2098424|1793|2305|1272|0.042044|0.001205|0.000183|32|
|4194304|4195569|1793|2305|1265|0.044993|0.001226|0.000187|32|
|8388608|8389878|1793|2305|1270|0.042635|0.001208|0.000183|32|
|16777216|16778483|1793|2305|1267|0.043054|0.001207|0.000182|32|
