|32|960|998|4365|928|39.430507|0.090784|0.000529|32|
|64|960|998|4365|928|39.430507|0.087890|0.000510|32|
|128|960|998|4365|928|39.430507|0.088149|0.000508|32|
|256|960|998|4365|928|39.430507|0.087841|0.000508|32|
|512|960|998|4365|928|39.430507|0.087719|0.000502|32|
|1024|960|998|4365|928|39.430507|0.087190|0.000505|32|
|2048|960|998|4365|928|39.430507|0.090157|0.000523|32|
|4096|960|998|4365|928|39.430507|0.087844|0.000503|32|
|8192|960|998|4365|928|39.430507|0.085445|0.000500|32|
|16384|960|998|4365|928|39.430507|0.083936|0.000483|32|
|32768|960|998|4365|928|39.430507|0.083029|0.000478|32|
|65536|960|998|4365|928|39.430507|0.082781|0.000475|32|
|131072|960|998|4365|928|39.430507|0.082822|0.000476|32|
|262144|960|998|4365|928|39.430507|0.082712|0.000474|32|
|524288|960|998|4365|928|39.430507|0.084038|0.000474|32|
|1048576|960|998|4365|928|39.430507|0.083128|0.000474|32|
|2097152|960|998|4365|928|39.430507|0.083437|0.000478|32|
|4194304|960|998|4365|928|39.430507|0.082831|0.000479|32|
|8388608|960|998|4365|928|39.430507|0.082977|0.000475|32|
|16777216|960|998|4365|928|39.430507|0.083006|0.000476|32|
