|32|128|162|610|64|0.023052|0.000212|0.000013|64|
|64|128|162|610|64|0.023052|0.000253|0.000018|64|
|128|128|162|610|64|0.023052|0.000251|0.000018|64|
|256|128|162|610|64|0.023052|0.000238|0.000016|64|
|512|128|162|610|64|0.023052|0.000242|0.000015|64|
|1024|128|162|610|64|0.023052|0.000213|0.000014|64|
|2048|128|162|610|64|0.023052|0.000240|0.000016|64|
|4096|128|162|610|64|0.023052|0.000250|0.000017|64|
|8192|128|162|610|64|0.023052|0.000230|0.000015|64|
|16384|128|162|610|64|0.023052|0.000229|0.000014|64|
|32768|128|162|610|64|0.023052|0.000246|0.000016|64|
|65536|128|162|610|64|0.023052|0.000234|0.000016|64|
|131072|128|162|610|64|0.023052|0.000235|0.000016|64|
|262144|128|162|610|64|0.023052|0.000239|0.000016|64|
|524288|128|162|610|64|0.023052|0.000251|0.000017|64|
|1048576|128|162|610|64|0.023052|0.000266|0.000018|64|
|2097152|128|162|610|64|0.023052|0.000279|0.000023|64|
|4194304|128|162|610|64|0.023052|0.000277|0.000019|64|
|8388608|128|162|610|64|0.023052|0.000262|0.000017|64|
|16777216|128|162|610|64|0.023052|0.000271|0.000017|64|
