|32|384|422|1766|320|1.322212|0.004118|0.000086|64|
|64|384|422|1766|320|1.322212|0.004012|0.000084|64|
|128|384|422|1766|320|1.322212|0.004034|0.000083|64|
|256|384|422|1766|320|1.322212|0.004500|0.000094|64|
|512|384|422|1766|320|1.322212|0.004036|0.000085|64|
|1024|384|422|1766|320|1.322212|0.003967|0.000083|64|
|2048|384|422|1766|320|1.322212|0.003971|0.000083|64|
|4096|384|422|1766|320|1.322212|0.004014|0.000087|64|
|8192|384|422|1766|320|1.322212|0.003979|0.000083|64|
|16384|384|422|1766|320|1.322212|0.004000|0.000084|64|
|32768|384|422|1766|320|1.322212|0.004103|0.000086|64|
|65536|384|422|1766|320|1.322212|0.004018|0.000084|64|
|131072|384|422|1766|320|1.322212|0.004019|0.000084|64|
|262144|384|422|1766|320|1.322212|0.004069|0.000085|64|
|524288|384|422|1766|320|1.322212|0.003979|0.000083|64|
|1048576|384|422|1766|320|1.322212|0.004173|0.000089|64|
|2097152|384|422|1766|320|1.322212|0.004102|0.000085|64|
|4194304|384|422|1766|320|1.322212|0.004027|0.000085|64|
|8388608|384|422|1766|320|1.322212|0.004067|0.000085|64|
|16777216|384|422|1766|320|1.322212|0.004008|0.000086|64|
