|32|256|294|1193|192|0.588088|0.000639|0.000040|64|
|64|256|294|1193|192|0.588088|0.000635|0.000040|64|
|128|256|294|1193|192|0.588088|0.000636|0.000039|64|
|256|256|294|1193|192|0.588088|0.000624|0.000039|64|
|512|256|294|1193|192|0.588088|0.000643|0.000039|64|
|1024|256|294|1193|192|0.588088|0.000657|0.000042|64|
|2048|256|294|1193|192|0.588088|0.000639|0.000041|64|
|4096|256|294|1193|192|0.588088|0.000631|0.000040|64|
|8192|256|294|1193|192|0.588088|0.000630|0.000041|64|
|16384|256|294|1193|192|0.588088|0.000635|0.000040|64|
|32768|256|294|1193|192|0.588088|0.000628|0.000039|64|
|65536|256|294|1193|192|0.588088|0.000661|0.000042|64|
|131072|256|294|1193|192|0.588088|0.000642|0.000040|64|
|262144|256|294|1193|192|0.588088|0.000633|0.000040|64|
|524288|256|294|1193|192|0.588088|0.000643|0.000040|64|
|1048576|256|294|1193|192|0.588088|0.000653|0.000041|64|
|2097152|256|294|1193|192|0.588088|0.000693|0.000044|64|
|4194304|256|294|1193|192|0.588088|0.000660|0.000041|64|
|8388608|256|294|1193|192|0.588088|0.000660|0.000041|64|
|16777216|256|294|1193|192|0.588088|0.000676|0.000043|64|
