|32|1920|1958|8683|1856|237.251853|0.422577|0.001865|64|
|64|1920|1958|8683|1856|237.251853|0.421411|0.001861|64|
|128|1920|1958|8683|1856|237.251853|0.421458|0.001848|64|
|256|1920|1958|8683|1856|237.251853|0.422222|0.001850|64|
|512|1920|1958|8683|1856|237.251853|0.422746|0.001843|64|
|1024|1920|1958|8683|1856|237.251853|0.422547|0.001845|64|
|2048|1920|1958|8683|1856|237.251853|0.420980|0.001840|64|
|4096|1920|1958|8683|1856|237.251853|0.426346|0.001882|64|
|8192|1920|1958|8683|1856|237.251853|0.423004|0.001850|64|
|16384|1920|1958|8683|1856|237.251853|0.423532|0.001838|64|
|32768|1920|1958|8683|1856|237.251853|0.423206|0.001867|64|
|65536|1920|1958|8683|1856|237.251853|0.423380|0.001843|64|
|131072|1920|1958|8683|1856|237.251853|0.423835|0.001842|64|
|262144|1920|1958|8683|1856|237.251853|0.424318|0.001854|64|
|524288|1920|1958|8683|1856|237.251853|0.421636|0.001854|64|
|1048576|1920|1958|8683|1856|237.251853|0.423640|0.001850|64|
|2097152|1920|1958|8683|1856|237.251853|0.445874|0.001902|64|
|4194304|1920|1958|8683|1856|237.251853|0.425831|0.001883|64|
|8388608|1920|1958|8683|1856|237.251853|0.427259|0.001875|64|
|16777216|1920|1958|8683|1856|237.251853|0.422956|0.001846|64|
