|32|1920|1958|8683|1888|237.251853|0.449783|0.001990|32|
|64|1920|1958|8683|1888|237.251853|0.440847|0.001949|32|
|128|1920|1958|8683|1888|237.251853|0.418826|0.001842|32|
|256|1920|1958|8683|1888|237.251853|0.418542|0.001851|32|
|512|1920|1958|8683|1888|237.251853|0.418679|0.001844|32|
|1024|1920|1958|8683|1888|237.251853|0.419189|0.001867|32|
|2048|1920|1958|8683|1888|237.251853|0.422989|0.001849|32|
|4096|1920|1958|8683|1888|237.251853|0.421631|0.001844|32|
|8192|1920|1958|8683|1888|237.251853|0.421417|0.001847|32|
|16384|1920|1958|8683|1888|237.251853|0.420392|0.001840|32|
|32768|1920|1958|8683|1888|237.251853|0.421522|0.001852|32|
|65536|1920|1958|8683|1888|237.251853|0.419304|0.001848|32|
|131072|1920|1958|8683|1888|237.251853|0.418778|0.001844|32|
|262144|1920|1958|8683|1888|237.251853|0.423189|0.001855|32|
|524288|1920|1958|8683|1888|237.251853|0.418963|0.001844|32|
|1048576|1920|1958|8683|1888|237.251853|0.443411|0.001927|32|
|2097152|1920|1958|8683|1888|237.251853|0.425028|0.001871|32|
|4194304|1920|1958|8683|1888|237.251853|0.420504|0.001851|32|
|8388608|1920|1958|8683|1888|237.251853|0.422441|0.001883|32|
|16777216|1920|1958|8683|1888|237.251853|0.424028|0.001851|32|
