|32|960|998|4365|896|39.430507|0.083103|0.000475|64|
|64|960|998|4365|896|39.430507|0.082984|0.000481|64|
|128|960|998|4365|896|39.430507|0.083055|0.000475|64|
|256|960|998|4365|896|39.430507|0.083307|0.000489|64|
|512|960|998|4365|896|39.430507|0.083009|0.000474|64|
|1024|960|998|4365|896|39.430507|0.082806|0.000473|64|
|2048|960|998|4365|896|39.430507|0.083030|0.000483|64|
|4096|960|998|4365|896|39.430507|0.082809|0.000474|64|
|8192|960|998|4365|896|39.430507|0.083238|0.000474|64|
|16384|960|998|4365|896|39.430507|0.083832|0.000475|64|
|32768|960|998|4365|896|39.430507|0.083777|0.000474|64|
|65536|960|998|4365|896|39.430507|0.084146|0.000478|64|
|131072|960|998|4365|896|39.430507|0.082749|0.000474|64|
|262144|960|998|4365|896|39.430507|0.119737|0.000735|64|
|524288|960|998|4365|896|39.430507|0.083750|0.000482|64|
|1048576|960|998|4365|896|39.430507|0.083359|0.000479|64|
|2097152|960|998|4365|896|39.430507|0.082834|0.000474|64|
|4194304|960|998|4365|896|39.430507|0.082763|0.000478|64|
|8388608|960|998|4365|896|39.430507|0.083328|0.000478|64|
|16777216|960|998|4365|896|39.430507|0.082885|0.000477|64|
