|32|128|162|610|96|0.023052|0.000244|0.000017|32|
|64|128|162|610|96|0.023052|0.000246|0.000017|32|
|128|128|162|610|96|0.023052|0.000271|0.000019|32|
|256|128|162|610|96|0.023052|0.000237|0.000015|32|
|512|128|162|610|96|0.023052|0.000260|0.000018|32|
|1024|128|162|610|96|0.023052|0.000233|0.000016|32|
|2048|128|162|610|96|0.023052|0.000243|0.000016|32|
|4096|128|162|610|96|0.023052|0.000254|0.000019|32|
|8192|128|162|610|96|0.023052|0.000234|0.000016|32|
|16384|128|162|610|96|0.023052|0.000242|0.000016|32|
|32768|128|162|610|96|0.023052|0.000238|0.000016|32|
|65536|128|162|610|96|0.023052|0.000226|0.000016|32|
|131072|128|162|610|96|0.023052|0.000248|0.000016|32|
|262144|128|162|610|96|0.023052|0.000241|0.000016|32|
|524288|128|162|610|96|0.023052|0.000242|0.000017|32|
|1048576|128|162|610|96|0.023052|0.000235|0.000016|32|
|2097152|128|162|610|96|0.023052|0.000246|0.000016|32|
|4194304|128|162|610|96|0.023052|0.000252|0.000017|32|
|8388608|128|162|610|96|0.023052|0.000254|0.000018|32|
|16777216|128|162|610|96|0.023052|0.000267|0.000018|32|
