|32|384|422|1766|352|1.322212|0.004037|0.000084|32|
|64|384|422|1766|352|1.322212|0.004511|0.000095|32|
|128|384|422|1766|352|1.322212|0.004416|0.000092|32|
|256|384|422|1766|352|1.322212|0.004331|0.000092|32|
|512|384|422|1766|352|1.322212|0.003985|0.000084|32|
|1024|384|422|1766|352|1.322212|0.004117|0.000086|32|
|2048|384|422|1766|352|1.322212|0.004198|0.000087|32|
|4096|384|422|1766|352|1.322212|0.004378|0.000089|32|
|8192|384|422|1766|352|1.322212|0.004185|0.000088|32|
|16384|384|422|1766|352|1.322212|0.004247|0.000090|32|
|32768|384|422|1766|352|1.322212|0.004714|0.000099|32|
|65536|384|422|1766|352|1.322212|0.004817|0.000101|32|
|131072|384|422|1766|352|1.322212|0.004322|0.000090|32|
|262144|384|422|1766|352|1.322212|0.004329|0.000090|32|
|524288|384|422|1766|352|1.322212|0.004055|0.000085|32|
|1048576|384|422|1766|352|1.322212|0.004159|0.000088|32|
|2097152|384|422|1766|352|1.322212|0.004327|0.000090|32|
|4194304|384|422|1766|352|1.322212|0.004585|0.000088|32|
|8388608|384|422|1766|352|1.322212|0.004206|0.000089|32|
|16777216|384|422|1766|352|1.322212|0.004138|0.000089|32|
