|32|256|294|1193|224|0.588088|0.000778|0.000049|32|
|64|256|294|1193|224|0.588088|0.000722|0.000045|32|
|128|256|294|1193|224|0.588088|0.000677|0.000043|32|
|256|256|294|1193|224|0.588088|0.000689|0.000043|32|
|512|256|294|1193|224|0.588088|0.000631|0.000039|32|
|1024|256|294|1193|224|0.588088|0.000635|0.000040|32|
|2048|256|294|1193|224|0.588088|0.000679|0.000043|32|
|4096|256|294|1193|224|0.588088|0.000634|0.000040|32|
|8192|256|294|1193|224|0.588088|0.000736|0.000047|32|
|16384|256|294|1193|224|0.588088|0.000783|0.000049|32|
|32768|256|294|1193|224|0.588088|0.000779|0.000049|32|
|65536|256|294|1193|224|0.588088|0.000739|0.000047|32|
|131072|256|294|1193|224|0.588088|0.000685|0.000042|32|
|262144|256|294|1193|224|0.588088|0.000732|0.000046|32|
|524288|256|294|1193|224|0.588088|0.000710|0.000043|32|
|1048576|256|294|1193|224|0.588088|0.000741|0.000046|32|
|2097152|256|294|1193|224|0.588088|0.000732|0.000045|32|
|4194304|256|294|1193|224|0.588088|0.000688|0.000045|32|
|8388608|256|294|1193|224|0.588088|0.000744|0.000049|32|
|16777216|256|294|1193|224|0.588088|0.000677|0.000043|32|
