|32|35696|48|96|35664|0.001498|0.039476|0.003276|32|
|64|35696|48|96|35664|0.001492|0.039066|0.003232|32|
|128|35696|48|96|35664|0.001479|0.039003|0.003222|32|
|256|35696|48|96|35664|0.001485|0.039189|0.003224|32|
|512|35696|48|96|35664|0.001509|0.039879|0.003275|32|
|1024|35696|48|96|35664|0.001552|0.040914|0.003346|32|
|2048|35696|48|96|35664|0.001551|0.040653|0.003336|32|
|4096|35696|48|96|35664|0.001537|0.039305|0.003267|32|
|8192|35696|48|96|35664|0.001489|0.039050|0.003247|32|
|16384|35696|48|96|35664|0.001523|0.039052|0.003246|32|
|32768|35696|48|96|35664|0.001497|0.039175|0.003259|32|
|65536|35696|48|96|35664|0.001496|0.039211|0.003257|32|
|131072|35696|48|96|35664|0.001494|0.039076|0.003226|32|
|262144|35696|48|96|35664|0.001489|0.039168|0.003249|32|
|524288|35696|48|96|35664|0.001481|0.039027|0.003234|32|
|1048576|35696|48|96|35664|0.001484|0.038956|0.003226|32|
|2097152|35696|48|96|35664|0.001487|0.039028|0.003219|32|
|4194304|35696|48|96|35664|0.001504|0.039511|0.003293|32|
|8388608|35696|48|96|35664|0.001529|0.040328|0.003325|32|
|16777216|35696|48|96|35664|0.001607|0.041398|0.003464|32|
