|32|49888|64|128|49856|0.008741|0.166620|0.006237|32|
|64|49888|64|128|49856|0.008693|0.166725|0.006216|32|
|128|49888|64|128|49856|0.008656|0.165881|0.006198|32|
|256|49888|64|128|49856|0.008696|0.166135|0.006223|32|
|512|49888|64|128|49856|0.008686|0.166075|0.006191|32|
|1024|49888|64|128|49856|0.008681|0.166180|0.006206|32|
|2048|49888|64|128|49856|0.008703|0.166133|0.006247|32|
|4096|49888|64|128|49856|0.010143|0.192569|0.007517|32|
|8192|49888|64|128|49856|0.008884|0.169371|0.006272|32|
|16384|49888|64|128|49856|0.008717|0.165981|0.006232|32|
|32768|49888|64|128|49856|0.008820|0.166477|0.006222|32|
|65536|49888|64|128|49856|0.008679|0.166350|0.006186|32|
|131072|49888|64|128|49856|0.008682|0.166062|0.006201|32|
|262144|49888|64|128|49856|0.008673|0.165854|0.006192|32|
|524288|49888|64|128|49856|0.008694|0.166399|0.006221|32|
|1048576|49888|64|128|49856|0.008695|0.166055|0.006206|32|
|2097152|49888|64|128|49856|0.008666|0.166054|0.006202|32|
|4194304|49888|64|128|49856|0.008706|0.166990|0.006236|32|
|8388608|49888|64|128|49856|0.008683|0.165955|0.006214|32|
|16777216|49888|64|128|49856|0.008826|0.168063|0.006279|32|
