|32|17152|32|64|17088|0.006208|0.144113|0.009081|64|
|64|17152|32|64|17088|0.006275|0.145552|0.009166|64|
|128|17152|32|64|17088|0.006242|0.144510|0.009117|64|
|256|17152|32|64|17088|0.006215|0.144699|0.009103|64|
|512|17152|32|64|17088|0.006239|0.145306|0.009114|64|
|1024|17152|32|64|17088|0.006317|0.145249|0.009204|64|
|2048|17152|32|64|17088|0.006225|0.144800|0.009089|64|
|4096|17152|32|64|17088|0.006287|0.145090|0.009148|64|
|8192|17152|32|64|17088|0.006235|0.144596|0.009031|64|
|16384|17152|32|64|17088|0.006238|0.144466|0.009117|64|
|32768|17152|32|64|17088|0.006278|0.145930|0.009133|64|
|65536|17152|32|64|17088|0.006222|0.144534|0.009046|64|
|131072|17152|32|64|17088|0.006280|0.145269|0.009146|64|
|262144|17152|32|64|17088|0.006214|0.144408|0.009025|64|
|524288|17152|32|64|17088|0.006256|0.145205|0.009081|64|
|1048576|17152|32|64|17088|0.006214|0.144636|0.009048|64|
|2097152|17152|32|64|17088|0.006213|0.144327|0.009115|64|
|4194304|17152|32|64|17088|0.006331|0.144969|0.009137|64|
|8388608|17152|32|64|17088|0.006202|0.144448|0.009101|64|
|16777216|17152|32|64|17088|0.006263|0.145315|0.009053|64|
