|32|17120|32|64|17088|0.001051|0.024735|0.002297|32|
|64|17152|32|64|17088|0.001047|0.024657|0.002290|64|
|128|17216|32|64|17088|0.001047|0.024739|0.002304|128|
|256|17344|32|64|17088|0.001049|0.024776|0.002309|256|
|512|17600|32|64|17088|0.001051|0.024767|0.002306|512|
|1024|18112|32|64|17088|0.001054|0.024814|0.002328|1024|
|2048|19136|32|64|17088|0.001061|0.025057|0.002341|2048|
|4096|21184|32|64|17088|0.001049|0.024778|0.002342|4096|
|8192|25280|32|64|17088|0.001048|0.024893|0.002363|8192|
|16384|33472|32|64|17088|0.001060|0.025197|0.002454|16384|
|32768|49856|32|64|17088|0.001052|0.025149|0.002525|32768|
|65536|82624|32|64|17088|0.001065|0.025652|0.002827|65536|
|131072|148160|32|64|17088|0.001064|0.026826|0.003292|131072|
|262144|279232|32|64|17088|0.001057|0.028612|0.004272|262144|
|524288|541376|32|64|17088|0.001061|0.032323|0.006232|524288|
|1048576|1065664|32|64|17088|0.001066|0.039789|0.010187|1048576|
|2097152|2114240|32|64|17088|0.001058|0.053712|0.016928|2097152|
|4194304|4211392|32|64|17088|0.001069|0.082883|0.031933|4194304|
|8388608|8405696|32|64|17088|0.001074|0.141608|0.061864|8388608|
|16777216|16794304|32|64|17088|0.001090|0.259280|0.122465|16777216|
