|32|17120|32|64|17088|0.001052|0.024715|0.002314|32|
|64|17120|32|64|17088|0.001082|0.025215|0.002358|32|
|128|17120|32|64|17088|0.001053|0.024938|0.002324|32|
|256|17120|32|64|17088|0.001052|0.024932|0.002312|32|
|512|17120|32|64|17088|0.001051|0.024802|0.002309|32|
|1024|17120|32|64|17088|0.001061|0.025090|0.002341|32|
|2048|17120|32|64|17088|0.001044|0.024918|0.002297|32|
|4096|17120|32|64|17088|0.001055|0.024909|0.002309|32|
|8192|17120|32|64|17088|0.001049|0.024948|0.002314|32|
|16384|17120|32|64|17088|0.001050|0.024777|0.002289|32|
|32768|17120|32|64|17088|0.001054|0.024780|0.002308|32|
|65536|17120|32|64|17088|0.001050|0.024651|0.002305|32|
|131072|17120|32|64|17088|0.001050|0.025031|0.002316|32|
|262144|17120|32|64|17088|0.001060|0.025077|0.002317|32|
|524288|17120|32|64|17088|0.001054|0.024939|0.002317|32|
|1048576|17120|32|64|17088|0.001044|0.024730|0.002294|32|
|2097152|17120|32|64|17088|0.001048|0.024752|0.002300|32|
|4194304|17120|32|64|17088|0.001045|0.024790|0.002312|32|
|8388608|17120|32|64|17088|0.001050|0.024729|0.002308|32|
|16777216|17120|32|64|17088|0.001058|0.024757|0.002318|32|
