|32|17152|32|64|17088|0.001048|0.024925|0.002318|64|
|64|17152|32|64|17088|0.001046|0.024706|0.002298|64|
|128|17152|32|64|17088|0.001053|0.024939|0.002330|64|
|256|17152|32|64|17088|0.001064|0.024984|0.002397|64|
|512|17152|32|64|17088|0.001044|0.024844|0.002307|64|
|1024|17152|32|64|17088|0.001044|0.024764|0.002301|64|
|2048|17152|32|64|17088|0.001058|0.024958|0.002316|64|
|4096|17152|32|64|17088|0.001048|0.024827|0.002316|64|
|8192|17152|32|64|17088|0.001047|0.024783|0.002313|64|
|16384|17152|32|64|17088|0.001047|0.024854|0.002326|64|
|32768|17152|32|64|17088|0.001046|0.024818|0.002312|64|
|65536|17152|32|64|17088|0.001045|0.024712|0.002313|64|
|131072|17152|32|64|17088|0.001054|0.024936|0.002309|64|
|262144|17152|32|64|17088|0.001060|0.024777|0.002323|64|
|524288|17152|32|64|17088|0.001058|0.025115|0.002329|64|
|1048576|17152|32|64|17088|0.001052|0.024836|0.002305|64|
|2097152|17152|32|64|17088|0.001090|0.025305|0.002422|64|
|4194304|17152|32|64|17088|0.001116|0.024930|0.002345|64|
|8388608|17152|32|64|17088|0.001067|0.025019|0.002346|64|
|16777216|17152|32|64|17088|0.001058|0.025031|0.002335|64|
