|32|49888|64|128|49856|0.008709|0.167392|0.006258|32|
|64|49920|64|128|49856|0.008690|0.166235|0.006225|64|
|128|49984|64|128|49856|0.008711|0.167763|0.006229|128|
|256|50112|64|128|49856|0.008712|0.165987|0.006232|256|
|512|50368|64|128|49856|0.008671|0.165940|0.006208|512|
|1024|50880|64|128|49856|0.008709|0.166239|0.006212|1024|
|2048|51904|64|128|49856|0.008742|0.166257|0.006268|2048|
|4096|53952|64|128|49856|0.008689|0.166021|0.006200|4096|
|8192|58048|64|128|49856|0.008691|0.166405|0.006245|8192|
|16384|66240|64|128|49856|0.008759|0.166687|0.006356|16384|
|32768|82624|64|128|49856|0.008669|0.166157|0.006400|32768|
|65536|115392|64|128|49856|0.008704|0.166810|0.006553|65536|
|131072|180928|64|128|49856|0.008742|0.167633|0.006867|131072|
|262144|312000|64|128|49856|0.008748|0.168589|0.007546|262144|
|524288|574144|64|128|49856|0.008736|0.171319|0.008905|524288|
|1048576|1098432|64|128|49856|0.008713|0.175886|0.011634|1048576|
|2097152|2147008|64|128|49856|0.008726|0.186520|0.017163|2097152|
|4194304|4244160|64|128|49856|0.008731|0.206243|0.027153|4194304|
|8388608|8438464|64|128|49856|0.008763|0.245431|0.047091|8388608|
|16777216|16827072|64|128|49856|0.008796|0.324449|0.087125|16777216|
