|32|49888|64|128|49856|0.034061|0.661007|0.018999|32|
|64|49888|64|128|49856|0.033948|0.660450|0.018847|32|
|128|49888|64|128|49856|0.033728|0.660495|0.018943|32|
|256|49888|64|128|49856|0.033634|0.658103|0.018907|32|
|512|49888|64|128|49856|0.033591|0.656640|0.018799|32|
|1024|49888|64|128|49856|0.033632|0.656915|0.018785|32|
|2048|49888|64|128|49856|0.033721|0.657792|0.018862|32|
|4096|49888|64|128|49856|0.033690|0.656298|0.018826|32|
|8192|49888|64|128|49856|0.033644|0.656464|0.018936|32|
|16384|49888|64|128|49856|0.035486|0.705042|0.020026|32|
|32768|49888|64|128|49856|0.033897|0.657588|0.018884|32|
|65536|49888|64|128|49856|0.033725|0.657125|0.018911|32|
|131072|49888|64|128|49856|0.033576|0.656983|0.018834|32|
|262144|49888|64|128|49856|0.033956|0.661352|0.018991|32|
|524288|49888|64|128|49856|0.033828|0.658066|0.018907|32|
|1048576|49888|64|128|49856|0.033784|0.656599|0.018804|32|
|2097152|49888|64|128|49856|0.033641|0.656238|0.018797|32|
|4194304|49888|64|128|49856|0.033655|0.657173|0.018850|32|
|8388608|49888|64|128|49856|0.033731|0.657497|0.018837|32|
|16777216|49888|64|128|49856|0.033624|0.656996|0.018860|32|
