|32|35728|48|96|35664|0.010468|0.275441|0.016132|64|
|64|35728|48|96|35664|0.009100|0.234575|0.013371|64|
|128|35728|48|96|35664|0.009052|0.234971|0.013367|64|
|256|35728|48|96|35664|0.009076|0.234151|0.013335|64|
|512|35728|48|96|35664|0.009063|0.234260|0.013309|64|
|1024|35728|48|96|35664|0.009115|0.234913|0.013485|64|
|2048|35728|48|96|35664|0.009104|0.234634|0.013405|64|
|4096|35728|48|96|35664|0.009059|0.233466|0.013380|64|
|8192|35728|48|96|35664|0.009045|0.234643|0.013419|64|
|16384|35728|48|96|35664|0.009472|0.241977|0.013866|64|
|32768|35728|48|96|35664|0.009212|0.235862|0.013392|64|
|65536|35728|48|96|35664|0.009019|0.234130|0.013314|64|
|131072|35728|48|96|35664|0.009123|0.235806|0.013408|64|
|262144|35728|48|96|35664|0.009106|0.234856|0.013495|64|
|524288|35728|48|96|35664|0.009080|0.234936|0.013377|64|
|1048576|35728|48|96|35664|0.009081|0.234408|0.013337|64|
|2097152|35728|48|96|35664|0.009095|0.234486|0.013425|64|
|4194304|35728|48|96|35664|0.009029|0.234027|0.013338|64|
|8388608|35728|48|96|35664|0.009041|0.234256|0.013327|64|
|16777216|35728|48|96|35664|0.009146|0.234040|0.013298|64|
