|32|49920|64|128|49856|0.008717|0.166070|0.006198|64|
|64|49920|64|128|49856|0.008697|0.166250|0.006216|64|
|128|49920|64|128|49856|0.008663|0.165923|0.006200|64|
|256|49920|64|128|49856|0.008683|0.166270|0.006210|64|
|512|49920|64|128|49856|0.008678|0.166705|0.006229|64|
|1024|49920|64|128|49856|0.008759|0.167775|0.006263|64|
|2048|49920|64|128|49856|0.008695|0.166282|0.006198|64|
|4096|49920|64|128|49856|0.008700|0.165992|0.006213|64|
|8192|49920|64|128|49856|0.008685|0.166232|0.006232|64|
|16384|49920|64|128|49856|0.008688|0.166344|0.006249|64|
|32768|49920|64|128|49856|0.008672|0.165874|0.006189|64|
|65536|49920|64|128|49856|0.008709|0.166485|0.006242|64|
|131072|49920|64|128|49856|0.008695|0.166303|0.006228|64|
|262144|49920|64|128|49856|0.008663|0.165832|0.006226|64|
|524288|49920|64|128|49856|0.008675|0.166217|0.006230|64|
|1048576|49920|64|128|49856|0.008708|0.166238|0.006218|64|
|2097152|49920|64|128|49856|0.008719|0.167151|0.006241|64|
|4194304|49920|64|128|49856|0.008710|0.166416|0.006216|64|
|8388608|49920|64|128|49856|0.008677|0.166660|0.006244|64|
|16777216|49920|64|128|49856|0.008730|0.166116|0.006204|64|
