|32|17120|32|64|17088|0.006294|0.145491|0.009137|32|
|64|17152|32|64|17088|0.006262|0.144697|0.009137|64|
|128|17216|32|64|17088|0.006256|0.144659|0.009124|128|
|256|17344|32|64|17088|0.006229|0.144291|0.009171|256|
|512|17600|32|64|17088|0.006241|0.144387|0.009062|512|
|1024|18112|32|64|17088|0.006249|0.145174|0.009095|1024|
|2048|19136|32|64|17088|0.006262|0.144562|0.009154|2048|
|4096|21184|32|64|17088|0.006223|0.144453|0.009115|4096|
|8192|25280|32|64|17088|0.006252|0.145077|0.009186|8192|
|16384|33472|32|64|17088|0.006229|0.144616|0.009276|16384|
|32768|49856|32|64|17088|0.006265|0.145168|0.009372|32768|
|65536|82624|32|64|17088|0.006206|0.145492|0.009701|65536|
|131072|148160|32|64|17088|0.006234|0.147237|0.010347|131072|
|262144|279232|32|64|17088|0.006247|0.149794|0.011680|262144|
|524288|541376|32|64|17088|0.006238|0.154187|0.014233|524288|
|1048576|1065664|32|64|17088|0.006231|0.164126|0.019437|1048576|
|2097152|2114240|32|64|17088|0.006259|0.184212|0.029947|2097152|
|4194304|4211392|32|64|17088|0.006328|0.224445|0.049541|4194304|
|8388608|8405696|32|64|17088|0.006263|0.301671|0.089348|8388608|
|16777216|16794304|32|64|17088|0.006389|0.460643|0.169842|16777216|
