|32|35696|48|96|35664|0.009097|0.234574|0.013484|32|
|64|35728|48|96|35664|0.009087|0.234236|0.013376|64|
|128|35792|48|96|35664|0.009126|0.234179|0.013398|128|
|256|35920|48|96|35664|0.009061|0.234065|0.013487|256|
|512|36176|48|96|35664|0.009188|0.234122|0.013329|512|
|1024|36688|48|96|35664|0.009127|0.233761|0.013384|1024|
|2048|37712|48|96|35664|0.009090|0.233894|0.013410|2048|
|4096|39760|48|96|35664|0.009087|0.234331|0.013369|4096|
|8192|43856|48|96|35664|0.009122|0.234782|0.013519|8192|
|16384|52048|48|96|35664|0.010366|0.264547|0.015226|16384|
|32768|68432|48|96|35664|0.009077|0.234465|0.013549|32768|
|65536|101200|48|96|35664|0.009083|0.235272|0.013715|65536|
|131072|166736|48|96|35664|0.009139|0.236123|0.014207|131072|
|262144|297808|48|96|35664|0.009164|0.238263|0.015245|262144|
|524288|559952|48|96|35664|0.009119|0.240517|0.016871|524288|
|1048576|1084240|48|96|35664|0.009072|0.246830|0.020254|1048576|
|2097152|2132816|48|96|35664|0.009114|0.260185|0.027266|2097152|
|4194304|4229968|48|96|35664|0.009094|0.286000|0.040261|4194304|
|8388608|8424272|48|96|35664|0.009116|0.338039|0.066510|8388608|
|16777216|16812880|48|96|35664|0.009221|0.445679|0.119100|16777216|
