|32|35728|48|96|35664|0.001707|0.045403|0.003646|64|
|64|35728|48|96|35664|0.001637|0.043089|0.003666|64|
|128|35728|48|96|35664|0.001622|0.042596|0.003605|64|
|256|35728|48|96|35664|0.001496|0.039119|0.003232|64|
|512|35728|48|96|35664|0.001504|0.039268|0.003225|64|
|1024|35728|48|96|35664|0.001520|0.039862|0.003291|64|
|2048|35728|48|96|35664|0.001596|0.041366|0.003523|64|
|4096|35728|48|96|35664|0.001491|0.039309|0.003225|64|
|8192|35728|48|96|35664|0.001485|0.038984|0.003223|64|
|16384|35728|48|96|35664|0.001517|0.039971|0.003296|64|
|32768|35728|48|96|35664|0.001561|0.041181|0.003479|64|
|65536|35728|48|96|35664|0.001725|0.042964|0.003552|64|
|131072|35728|48|96|35664|0.001500|0.039724|0.003254|64|
|262144|35728|48|96|35664|0.001514|0.039473|0.003266|64|
|524288|35728|48|96|35664|0.001530|0.039818|0.003336|64|
|1048576|35728|48|96|35664|0.001494|0.039364|0.003263|64|
|2097152|35728|48|96|35664|0.001491|0.039155|0.003233|64|
|4194304|35728|48|96|35664|0.001493|0.039034|0.003222|64|
|8388608|35728|48|96|35664|0.001495|0.039555|0.003260|64|
|16777216|35728|48|96|35664|0.001490|0.039091|0.003243|64|
