|32|49920|64|128|49856|0.033997|0.657194|0.018818|64|
|64|49920|64|128|49856|0.035385|0.699926|0.020150|64|
|128|49920|64|128|49856|0.033849|0.657107|0.018927|64|
|256|49920|64|128|49856|0.033557|0.656400|0.018764|64|
|512|49920|64|128|49856|0.033788|0.660110|0.018878|64|
|1024|49920|64|128|49856|0.033752|0.660375|0.019016|64|
|2048|49920|64|128|49856|0.033835|0.658484|0.018921|64|
|4096|49920|64|128|49856|0.033628|0.657188|0.018925|64|
|8192|49920|64|128|49856|0.033627|0.657400|0.018995|64|
|16384|49920|64|128|49856|0.033643|0.656840|0.018824|64|
|32768|49920|64|128|49856|0.033719|0.657570|0.018845|64|
|65536|49920|64|128|49856|0.033675|0.658320|0.018965|64|
|131072|49920|64|128|49856|0.033874|0.657862|0.018934|64|
|262144|49920|64|128|49856|0.034061|0.661427|0.019122|64|
|524288|49920|64|128|49856|0.034679|0.702705|0.019817|64|
|1048576|49920|64|128|49856|0.033644|0.658260|0.018861|64|
|2097152|49920|64|128|49856|0.033734|0.660158|0.018874|64|
|4194304|49920|64|128|49856|0.033638|0.657563|0.018801|64|
|8388608|49920|64|128|49856|0.034069|0.663375|0.018973|64|
|16777216|49920|64|128|49856|0.033682|0.658917|0.018841|64|
