|32|49888|64|128|49856|0.034453|0.669721|0.019082|32|
|64|49920|64|128|49856|0.033731|0.657747|0.018886|64|
|128|49984|64|128|49856|0.033781|0.656466|0.018850|128|
|256|50112|64|128|49856|0.033812|0.658128|0.018892|256|
|512|50368|64|128|49856|0.033715|0.659777|0.018835|512|
|1024|50880|64|128|49856|0.035900|0.699843|0.020044|1024|
|2048|51904|64|128|49856|0.033680|0.656872|0.018805|2048|
|4096|53952|64|128|49856|0.033630|0.658834|0.018864|4096|
|8192|58048|64|128|49856|0.033686|0.658210|0.018824|8192|
|16384|66240|64|128|49856|0.033656|0.657826|0.018941|16384|
|32768|82624|64|128|49856|0.034385|0.661206|0.019293|32768|
|65536|115392|64|128|49856|0.033704|0.658045|0.019211|65536|
|131072|180928|64|128|49856|0.033835|0.660028|0.019707|131072|
|262144|312000|64|128|49856|0.033939|0.661037|0.020601|262144|
|524288|574144|64|128|49856|0.033682|0.664043|0.022380|524288|
|1048576|1098432|64|128|49856|0.034317|0.684341|0.026549|1048576|
|2097152|2147008|64|128|49856|0.033903|0.684916|0.032937|2097152|
|4194304|4244160|64|128|49856|0.037359|0.768792|0.050319|4194304|
|8388608|8438464|64|128|49856|0.034000|0.767423|0.072427|8388608|
|16777216|16827072|64|128|49856|0.034350|0.871694|0.125410|16777216|
