|32|35696|48|96|35664|0.009095|0.235451|0.013392|32|
|64|35696|48|96|35664|0.009094|0.233934|0.013324|32|
|128|35696|48|96|35664|0.009131|0.234153|0.013403|32|
|256|35696|48|96|35664|0.009061|0.233760|0.013352|32|
|512|35696|48|96|35664|0.009045|0.234188|0.013325|32|
|1024|35696|48|96|35664|0.009050|0.233559|0.013356|32|
|2048|35696|48|96|35664|0.009132|0.234905|0.013340|32|
|4096|35696|48|96|35664|0.009062|0.233447|0.013346|32|
|8192|35696|48|96|35664|0.009092|0.234244|0.013347|32|
|16384|35696|48|96|35664|0.009080|0.233946|0.013394|32|
|32768|35696|48|96|35664|0.009134|0.233435|0.013390|32|
|65536|35696|48|96|35664|0.009051|0.234003|0.013334|32|
|131072|35696|48|96|35664|0.009122|0.234906|0.013404|32|
|262144|35696|48|96|35664|0.009038|0.233842|0.013302|32|
|524288|35696|48|96|35664|0.009047|0.234057|0.013376|32|
|1048576|35696|48|96|35664|0.009057|0.234166|0.013414|32|
|2097152|35696|48|96|35664|0.009041|0.234900|0.013378|32|
|4194304|35696|48|96|35664|0.009054|0.234962|0.013463|32|
|8388608|35696|48|96|35664|0.009057|0.234287|0.013326|32|
|16777216|35696|48|96|35664|0.009137|0.234402|0.013380|32|
