|32|35696|48|96|35664|0.001502|0.039246|0.003245|32|
|64|35728|48|96|35664|0.001496|0.039436|0.003241|64|
|128|35792|48|96|35664|0.001502|0.039150|0.003234|128|
|256|35920|48|96|35664|0.001495|0.039345|0.003248|256|
|512|36176|48|96|35664|0.001488|0.039164|0.003232|512|
|1024|36688|48|96|35664|0.001498|0.039239|0.003242|1024|
|2048|37712|48|96|35664|0.001500|0.039207|0.003268|2048|
|4096|39760|48|96|35664|0.001491|0.039272|0.003242|4096|
|8192|43856|48|96|35664|0.001500|0.039295|0.003267|8192|
|16384|52048|48|96|35664|0.001492|0.039458|0.003309|16384|
|32768|68432|48|96|35664|0.001501|0.039586|0.003397|32768|
|65536|101200|48|96|35664|0.001504|0.040026|0.003574|65536|
|131072|166736|48|96|35664|0.001489|0.040339|0.003894|131072|
|262144|297808|48|96|35664|0.001511|0.041862|0.004647|262144|
|524288|559952|48|96|35664|0.001508|0.044356|0.005944|524288|
|1048576|1084240|48|96|35664|0.001515|0.049558|0.008705|1048576|
|2097152|2132816|48|96|35664|0.001895|0.087340|0.020438|2097152|
|4194304|4229968|48|96|35664|0.001571|0.081887|0.024914|4194304|
|8388608|8424272|48|96|35664|0.001510|0.118035|0.044153|8388608|
|16777216|16812880|48|96|35664|0.001506|0.196783|0.084777|16777216|
