|32|17120|32|64|17088|0.006238|0.144159|0.009072|32|
|64|17120|32|64|17088|0.006250|0.144574|0.009083|32|
|128|17120|32|64|17088|0.007581|0.176801|0.011470|32|
|256|17120|32|64|17088|0.006953|0.162784|0.009992|32|
|512|17120|32|64|17088|0.006769|0.157267|0.009895|32|
|1024|17120|32|64|17088|0.006842|0.158515|0.009952|32|
|2048|17120|32|64|17088|0.006374|0.149096|0.009470|32|
|4096|17120|32|64|17088|0.006256|0.146080|0.009148|32|
|8192|17120|32|64|17088|0.006222|0.144620|0.009036|32|
|16384|17120|32|64|17088|0.006567|0.151189|0.009645|32|
|32768|17120|32|64|17088|0.006249|0.144976|0.009165|32|
|65536|17120|32|64|17088|0.006317|0.145848|0.009224|32|
|131072|17120|32|64|17088|0.006202|0.144574|0.009083|32|
|262144|17120|32|64|17088|0.006241|0.144927|0.009100|32|
|524288|17120|32|64|17088|0.006261|0.144549|0.009109|32|
|1048576|17120|32|64|17088|0.006250|0.144477|0.009060|32|
|2097152|17120|32|64|17088|0.006243|0.144991|0.009114|32|
|4194304|17120|32|64|17088|0.006634|0.149893|0.009682|32|
|8388608|17120|32|64|17088|0.006215|0.144793|0.009069|32|
|16777216|17120|32|64|17088|0.006284|0.144803|0.009147|32|
