|64|4659|2592|4864|4595|0.000289|0.000880|0.000297|64|
|128|4723|2592|4864|4595|0.000299|0.001096|0.000313|128|
|256|4851|2592|4864|4595|0.000302|0.000902|0.000325|256|
|512|5107|2592|4864|4595|0.000304|0.000928|0.000310|512|
|1024|5619|2592|4864|4595|0.000294|0.000975|0.000316|1024|
|2048|6643|2592|4864|4595|0.000281|0.000912|0.000294|2048|
|4096|8691|2592|4864|4595|0.000297|0.001005|0.000322|4096|
|8192|12787|2592|4864|4595|0.000280|0.000933|0.000323|8192|
|16384|20979|2592|4864|4595|0.000326|0.000981|0.000405|16384|
|32768|37363|2592|4864|4595|0.000306|0.001137|0.000497|32768|
|65536|70131|2592|4864|4595|0.000283|0.001250|0.000631|65536|
|131072|135667|2592|4864|4595|0.000297|0.001746|0.001030|131072|
|262144|266739|2592|4864|4595|0.000320|0.002421|0.001747|262144|
|524288|528883|2592|4864|4595|0.000305|0.003773|0.003192|524288|
|1048576|1053171|2592|4864|4595|0.000313|0.006941|0.006121|1048576|
|2097152|2101747|2592|4864|4595|0.000320|0.012818|0.011923|2097152|
|4194304|4198899|2592|4864|4595|0.000337|0.025063|0.023697|4194304|
|8388608|8393203|2592|4864|4595|0.000320|0.046242|0.045583|8388608|
|16777216|16781811|2592|4864|4595|0.000315|0.091741|0.089895|16777216|
