|64|3357|1952|4000|3293|0.000057|0.000149|0.000054|64|
|128|3357|1952|4000|3293|0.000070|0.000178|0.000067|64|
|256|3357|1952|4000|3293|0.000058|0.000145|0.000054|64|
|512|3357|1952|4000|3293|0.000060|0.000145|0.000057|64|
|1024|3357|1952|4000|3293|0.000055|0.000142|0.000053|64|
|2048|3357|1952|4000|3293|0.000055|0.000157|0.000057|64|
|4096|3357|1952|4000|3293|0.000055|0.000164|0.000055|64|
|8192|3357|1952|4000|3293|0.000062|0.000143|0.000060|64|
|16384|3357|1952|4000|3293|0.000059|0.000152|0.000057|64|
|32768|3357|1952|4000|3293|0.000056|0.000150|0.000053|64|
|65536|3357|1952|4000|3293|0.000058|0.000159|0.000056|64|
|131072|3357|1952|4000|3293|0.000056|0.000149|0.000054|64|
|262144|3357|1952|4000|3293|0.000061|0.000147|0.000055|64|
|524288|3357|1952|4000|3293|0.000067|0.000168|0.000060|64|
|1048576|3357|1952|4000|3293|0.000067|0.000173|0.000066|64|
|2097152|3357|1952|4000|3293|0.000077|0.000162|0.000061|64|
|4194304|3357|1952|4000|3293|0.000083|0.000172|0.000065|64|
|8388608|3357|1952|4000|3293|0.000093|0.000166|0.000063|64|
|16777216|3357|1952|4000|3293|0.000099|0.000193|0.000061|64|
