|64|4627|2592|4864|4595|0.000118|0.000232|0.000097|32|
|128|4627|2592|4864|4595|0.000103|0.000224|0.000102|32|
|256|4627|2592|4864|4595|0.000111|0.000221|0.000110|32|
|512|4627|2592|4864|4595|0.000092|0.000193|0.000093|32|
|1024|4627|2592|4864|4595|0.000092|0.000192|0.000091|32|
|2048|4627|2592|4864|4595|0.000097|0.000188|0.000092|32|
|4096|4627|2592|4864|4595|0.000086|0.000201|0.000089|32|
|8192|4627|2592|4864|4595|0.000087|0.000181|0.000086|32|
|16384|4627|2592|4864|4595|0.000106|0.000224|0.000096|32|
|32768|4627|2592|4864|4595|0.000120|0.000264|0.000118|32|
|65536|4627|2592|4864|4595|0.000095|0.000195|0.000092|32|
|131072|4627|2592|4864|4595|0.000094|0.000207|0.000093|32|
|262144|4627|2592|4864|4595|0.000107|0.000247|0.000102|32|
|524288|4627|2592|4864|4595|0.000122|0.000251|0.000109|32|
|1048576|4627|2592|4864|4595|0.000119|0.000234|0.000115|32|
|2097152|4627|2592|4864|4595|0.000120|0.000231|0.000128|32|
|4194304|4627|2592|4864|4595|0.000138|0.000265|0.000120|32|
|8388608|4627|2592|4864|4595|0.000148|0.000234|0.000104|32|
|16777216|4627|2592|4864|4595|0.000134|0.000271|0.000103|32|
