|64|4659|2592|4864|4595|0.000277|0.000853|0.000268|64|
|128|4659|2592|4864|4595|0.000303|0.001019|0.000325|64|
|256|4659|2592|4864|4595|0.000311|0.001085|0.000328|64|
|512|4659|2592|4864|4595|0.000295|0.001033|0.000289|64|
|1024|4659|2592|4864|4595|0.000294|0.000998|0.000308|64|
|2048|4659|2592|4864|4595|0.000333|0.001023|0.000312|64|
|4096|4659|2592|4864|4595|0.000306|0.000910|0.000290|64|
|8192|4659|2592|4864|4595|0.000308|0.000889|0.000315|64|
|16384|4659|2592|4864|4595|0.000305|0.000927|0.000319|64|
|32768|4659|2592|4864|4595|0.000322|0.000984|0.000336|64|
|65536|4659|2592|4864|4595|0.000304|0.000854|0.000302|64|
|131072|4659|2592|4864|4595|0.000316|0.001016|0.000321|64|
|262144|4659|2592|4864|4595|0.000301|0.001014|0.000319|64|
|524288|4659|2592|4864|4595|0.000304|0.000910|0.000294|64|
|1048576|4659|2592|4864|4595|0.000314|0.000857|0.000299|64|
|2097152|4659|2592|4864|4595|0.000281|0.000775|0.000279|64|
|4194304|4659|2592|4864|4595|0.000295|0.000757|0.000270|64|
|8388608|4659|2592|4864|4595|0.000288|0.000820|0.000282|64|
|16777216|4659|2592|4864|4595|0.000294|0.000880|0.000297|64|
