|32|3325|1952|4000|3293|0.000034|0.000096|0.000035|32|
|64|3357|1952|4000|3293|0.000046|0.000110|0.000046|64|
|128|3421|1952|4000|3293|0.000034|0.000090|0.000031|128|
|256|3549|1952|4000|3293|0.000031|0.000092|0.000033|256|
|512|3805|1952|4000|3293|0.000032|0.000097|0.000034|512|
|1024|4317|1952|4000|3293|0.000037|0.000113|0.000033|1024|
|2048|5341|1952|4000|3293|0.000034|0.000084|0.000037|2048|
|4096|7389|1952|4000|3293|0.000035|0.000109|0.000043|4096|
|8192|11485|1952|4000|3293|0.000035|0.000108|0.000058|8192|
|16384|19677|1952|4000|3293|0.000033|0.000129|0.000079|16384|
|32768|36061|1952|4000|3293|0.000035|0.000164|0.000110|32768|
|65536|68829|1952|4000|3293|0.000037|0.000244|0.000194|65536|
|131072|134365|1952|4000|3293|0.000034|0.000404|0.000375|131072|
|262144|265437|1952|4000|3293|0.000035|0.000660|0.000685|262144|
|524288|527581|1952|4000|3293|0.000039|0.001244|0.001272|524288|
|1048576|1051869|1952|4000|3293|0.000041|0.002469|0.002645|1048576|
|2097152|2100445|1952|4000|3293|0.000048|0.005112|0.005224|2097152|
|4194304|4197597|1952|4000|3293|0.000053|0.009641|0.010408|4194304|
|8388608|8391901|1952|4000|3293|0.000054|0.019722|0.020834|8388608|
|16777216|16780509|1952|4000|3293|0.000064|0.041290|0.042392|16777216|
