|64|4659|2592|4864|4595|0.000085|0.000105|0.000067|64|
|128|4723|2592|4864|4595|0.000049|0.000105|0.000049|128|
|256|4851|2592|4864|4595|0.000055|0.000103|0.000052|256|
|512|5107|2592|4864|4595|0.000063|0.000149|0.000070|512|
|1024|5619|2592|4864|4595|0.000050|0.000114|0.000053|1024|
|2048|6643|2592|4864|4595|0.000047|0.000108|0.000052|2048|
|4096|8691|2592|4864|4595|0.000049|0.000110|0.000058|4096|
|8192|12787|2592|4864|4595|0.000047|0.000123|0.000064|8192|
|16384|20979|2592|4864|4595|0.000053|0.000146|0.000089|16384|
|32768|37363|2592|4864|4595|0.000061|0.000227|0.000146|32768|
|65536|70131|2592|4864|4595|0.000057|0.000272|0.000221|65536|
|131072|135667|2592|4864|4595|0.000061|0.000459|0.000425|131072|
|262144|266739|2592|4864|4595|0.000050|0.000687|0.000637|262144|
|524288|528883|2592|4864|4595|0.000054|0.001325|0.001321|524288|
|1048576|1053171|2592|4864|4595|0.000061|0.002543|0.002728|1048576|
|2097152|2101747|2592|4864|4595|0.000063|0.004909|0.005311|2097152|
|4194304|4198899|2592|4864|4595|0.000067|0.009941|0.010616|4194304|
|8388608|8393203|2592|4864|4595|0.000084|0.020935|0.022115|8388608|
|16777216|16781811|2592|4864|4595|0.000081|0.040217|0.042649|16777216|
