|64|3325|1952|4000|3293|0.000203|0.000744|0.000194|32|
|128|3325|1952|4000|3293|0.000207|0.000809|0.000192|32|
|256|3325|1952|4000|3293|0.000192|0.000769|0.000186|32|
|512|3325|1952|4000|3293|0.000206|0.000711|0.000184|32|
|1024|3325|1952|4000|3293|0.000208|0.000700|0.000187|32|
|2048|3325|1952|4000|3293|0.000221|0.000837|0.000196|32|
|4096|3325|1952|4000|3293|0.000197|0.000688|0.000220|32|
|8192|3325|1952|4000|3293|0.000208|0.000802|0.000196|32|
|16384|3325|1952|4000|3293|0.000207|0.000645|0.000194|32|
|32768|3325|1952|4000|3293|0.000204|0.000845|0.000190|32|
|65536|3325|1952|4000|3293|0.000199|0.000757|0.000178|32|
|131072|3325|1952|4000|3293|0.000213|0.000794|0.000181|32|
|262144|3325|1952|4000|3293|0.000203|0.000757|0.000184|32|
|524288|3325|1952|4000|3293|0.000221|0.000866|0.000205|32|
|1048576|3325|1952|4000|3293|0.000201|0.000725|0.000178|32|
|2097152|3325|1952|4000|3293|0.000190|0.000581|0.000161|32|
|4194304|3325|1952|4000|3293|0.000279|0.000777|0.000184|32|
|8388608|3325|1952|4000|3293|0.000209|0.000766|0.000177|32|
|16777216|3325|1952|4000|3293|0.000207|0.000677|0.000181|32|
