|64|2484|1312|2528|2420|0.000111|0.000524|0.000128|64|
|128|2484|1312|2528|2420|0.000095|0.000392|0.000106|64|
|256|2484|1312|2528|2420|0.000109|0.000421|0.000118|64|
|512|2484|1312|2528|2420|0.000099|0.000497|0.000112|64|
|1024|2484|1312|2528|2420|0.000102|0.000432|0.000117|64|
|2048|2484|1312|2528|2420|0.000105|0.000461|0.000118|64|
|4096|2484|1312|2528|2420|0.000107|0.000429|0.000109|64|
|8192|2484|1312|2528|2420|0.000103|0.000466|0.000112|64|
|16384|2484|1312|2528|2420|0.000117|0.000524|0.000127|64|
|32768|2484|1312|2528|2420|0.000111|0.000451|0.000118|64|
|65536|2484|1312|2528|2420|0.000103|0.000406|0.000115|64|
|131072|2484|1312|2528|2420|0.000107|0.000484|0.000119|64|
|262144|2484|1312|2528|2420|0.000115|0.000484|0.000121|64|
|524288|2484|1312|2528|2420|0.000131|0.000509|0.000121|64|
|1048576|2484|1312|2528|2420|0.000116|0.000518|0.000118|64|
|2097152|2484|1312|2528|2420|0.000107|0.000457|0.000117|64|
|4194304|2484|1312|2528|2420|0.000122|0.000482|0.000121|64|
|8388608|2484|1312|2528|2420|0.000118|0.000506|0.000112|64|
|16777216|2484|1312|2528|2420|0.000121|0.000461|0.000122|64|
