|64|3357|1952|4000|3293|0.000203|0.000712|0.000176|64|
|128|3421|1952|4000|3293|0.000194|0.000753|0.000181|128|
|256|3549|1952|4000|3293|0.000200|0.000737|0.000193|256|
|512|3805|1952|4000|3293|0.000207|0.000722|0.000183|512|
|1024|4317|1952|4000|3293|0.000222|0.000896|0.000198|1024|
|2048|5341|1952|4000|3293|0.000220|0.000775|0.000213|2048|
|4096|7389|1952|4000|3293|0.000204|0.000830|0.000209|4096|
|8192|11485|1952|4000|3293|0.000202|0.000726|0.000231|8192|
|16384|19677|1952|4000|3293|0.000218|0.000855|0.000302|16384|
|32768|36061|1952|4000|3293|0.000216|0.001010|0.000407|32768|
|65536|68829|1952|4000|3293|0.000210|0.001132|0.000559|65536|
|131072|134365|1952|4000|3293|0.000226|0.001603|0.000985|131072|
|262144|265437|1952|4000|3293|0.000221|0.002314|0.001654|262144|
|524288|527581|1952|4000|3293|0.000210|0.003779|0.003108|524288|
|1048576|1051869|1952|4000|3293|0.000203|0.006630|0.005972|1048576|
|2097152|2100445|1952|4000|3293|0.000228|0.012981|0.012110|2097152|
|4194304|4197597|1952|4000|3293|0.000223|0.024030|0.023261|4194304|
|8388608|8391901|1952|4000|3293|0.000273|0.047872|0.046493|8388608|
|16777216|16780509|1952|4000|3293|0.000222|0.093599|0.091604|16777216|
