|32|3325|1952|4000|3293|0.000122|0.000136|0.000030|32|
|64|3325|1952|4000|3293|0.000036|0.000095|0.000037|32|
|128|3325|1952|4000|3293|0.000033|0.000080|0.000033|32|
|256|3325|1952|4000|3293|0.000030|0.000082|0.000029|32|
|512|3325|1952|4000|3293|0.000031|0.000086|0.000030|32|
|1024|3325|1952|4000|3293|0.000034|0.000099|0.000035|32|
|2048|3325|1952|4000|3293|0.000033|0.000080|0.000031|32|
|4096|3325|1952|4000|3293|0.000040|0.000093|0.000036|32|
|8192|3325|1952|4000|3293|0.000036|0.000100|0.000036|32|
|16384|3325|1952|4000|3293|0.000040|0.000117|0.000040|32|
|32768|3325|1952|4000|3293|0.000050|0.000108|0.000046|32|
|65536|3325|1952|4000|3293|0.000040|0.000105|0.000037|32|
|131072|3325|1952|4000|3293|0.000032|0.000091|0.000033|32|
|262144|3325|1952|4000|3293|0.000044|0.000119|0.000041|32|
|524288|3325|1952|4000|3293|0.000039|0.000092|0.000030|32|
|1048576|3325|1952|4000|3293|0.000039|0.000089|0.000064|32|
|2097152|3325|1952|4000|3293|0.000046|0.000088|0.000037|32|
|4194304|3325|1952|4000|3293|0.000047|0.000103|0.000035|32|
|8388608|3325|1952|4000|3293|0.000051|0.000109|0.000055|32|
|16777216|3325|1952|4000|3293|0.000059|0.000118|0.000035|32|
