|64|2484|1312|2528|2420|0.000018|0.000070|0.000020|64|
|128|2548|1312|2528|2420|0.000017|0.000044|0.000021|128|
|256|2676|1312|2528|2420|0.000018|0.000075|0.000040|256|
|512|2932|1312|2528|2420|0.000017|0.000099|0.000019|512|
|1024|3444|1312|2528|2420|0.000017|0.000069|0.000021|1024|
|2048|4468|1312|2528|2420|0.000017|0.000058|0.000023|2048|
|4096|6516|1312|2528|2420|0.000035|0.000078|0.000030|4096|
|8192|10612|1312|2528|2420|0.000017|0.000095|0.000036|8192|
|16384|18804|1312|2528|2420|0.000017|0.000090|0.000054|16384|
|32768|35188|1312|2528|2420|0.000025|0.000197|0.000136|32768|
|65536|67956|1312|2528|2420|0.000021|0.000215|0.000199|65536|
|131072|133492|1312|2528|2420|0.000024|0.000405|0.000386|131072|
|262144|264564|1312|2528|2420|0.000020|0.000649|0.000740|262144|
|524288|526708|1312|2528|2420|0.000022|0.001259|0.001341|524288|
|1048576|1050996|1312|2528|2420|0.000026|0.002517|0.002643|1048576|
|2097152|2099572|1312|2528|2420|0.000028|0.004776|0.005196|2097152|
|4194304|4196724|1312|2528|2420|0.000033|0.010044|0.010818|4194304|
|8388608|8391028|1312|2528|2420|0.000039|0.019607|0.020936|8388608|
|16777216|16779636|1312|2528|2420|0.000040|0.040589|0.042835|16777216|
