|32|2452|1312|2528|2420|0.000020|0.000054|0.000022|32|
|64|2452|1312|2528|2420|0.000028|0.000067|0.000027|32|
|128|2452|1312|2528|2420|0.000020|0.000051|0.000021|32|
|256|2452|1312|2528|2420|0.000025|0.000048|0.000022|32|
|512|2452|1312|2528|2420|0.000025|0.000049|0.000022|32|
|1024|2452|1312|2528|2420|0.000026|0.000052|0.000018|32|
|2048|2452|1312|2528|2420|0.000021|0.000051|0.000023|32|
|4096|2452|1312|2528|2420|0.000018|0.000048|0.000018|32|
|8192|2452|1312|2528|2420|0.000019|0.000055|0.000021|32|
|16384|2452|1312|2528|2420|0.000019|0.000051|0.000019|32|
|32768|2452|1312|2528|2420|0.000020|0.000056|0.000018|32|
|65536|2452|1312|2528|2420|0.000021|0.000056|0.000019|32|
|131072|2452|1312|2528|2420|0.000019|0.000054|0.000021|32|
|262144|2452|1312|2528|2420|0.000024|0.000058|0.000021|32|
|524288|2452|1312|2528|2420|0.000023|0.000054|0.000020|32|
|1048576|2452|1312|2528|2420|0.000026|0.000063|0.000021|32|
|2097152|2452|1312|2528|2420|0.000032|0.000089|0.000022|32|
|4194304|2452|1312|2528|2420|0.000035|0.000065|0.000027|32|
|8388608|2452|1312|2528|2420|0.000035|0.000057|0.000020|32|
|16777216|2452|1312|2528|2420|0.000038|0.000055|0.000025|32|
