|32|4627|2592|4864|4595|0.000198|0.000613|0.000195|32|
|64|4627|2592|4864|4595|0.000191|0.000668|0.000223|32|
|128|4627|2592|4864|4595|0.000179|0.000490|0.000183|32|
|256|4627|2592|4864|4595|0.000210|0.000581|0.000191|32|
|512|4627|2592|4864|4595|0.000169|0.000526|0.000174|32|
|1024|4627|2592|4864|4595|0.000192|0.000662|0.000199|32|
|2048|4627|2592|4864|4595|0.000194|0.000634|0.000187|32|
|4096|4627|2592|4864|4595|0.000163|0.000689|0.000210|32|
|8192|4627|2592|4864|4595|0.000193|0.000601|0.000198|32|
|16384|4627|2592|4864|4595|0.000173|0.000539|0.000176|32|
|32768|4627|2592|4864|4595|0.000174|0.000547|0.000180|32|
|65536|4627|2592|4864|4595|0.000155|0.000428|0.000160|32|
|131072|4627|2592|4864|4595|0.000169|0.000595|0.000267|32|
|262144|4627|2592|4864|4595|0.000160|0.000522|0.000165|32|
|524288|4627|2592|4864|4595|0.000158|0.000470|0.000161|32|
|1048576|4627|2592|4864|4595|0.000170|0.000603|0.000171|32|
|2097152|4627|2592|4864|4595|0.000170|0.000545|0.000166|32|
|4194304|4627|2592|4864|4595|0.000172|0.000515|0.000175|32|
|8388608|4627|2592|4864|4595|0.000185|0.000500|0.000165|32|
|16777216|4627|2592|4864|4595|0.000186|0.000514|0.000163|32|
