|64|5107|2592|4864|4595|0.000074|0.000096|0.000050|512|
|128|5107|2592|4864|4595|0.000069|0.000108|0.000048|512|
|256|5107|2592|4864|4595|0.000054|0.000228|0.000057|512|
|512|5107|2592|4864|4595|0.000055|0.000115|0.000051|512|
|1024|5107|2592|4864|4595|0.000048|0.000099|0.000052|512|
|2048|5107|2592|4864|4595|0.000062|0.000128|0.000102|512|
|4096|5107|2592|4864|4595|0.000055|0.000105|0.000057|512|
|8192|5107|2592|4864|4595|0.000067|0.000098|0.000049|512|
|16384|5107|2592|4864|4595|0.000046|0.000088|0.000048|512|
|32768|5107|2592|4864|4595|0.000051|0.000095|0.000051|512|
|65536|5107|2592|4864|4595|0.000055|0.000111|0.000059|512|
|131072|5107|2592|4864|4595|0.000068|0.000121|0.000064|512|
|262144|5107|2592|4864|4595|0.000072|0.000152|0.000061|512|
|524288|5107|2592|4864|4595|0.000067|0.000120|0.000054|512|
|1048576|5107|2592|4864|4595|0.000059|0.000106|0.000056|512|
|2097152|5107|2592|4864|4595|0.000062|0.000129|0.000056|512|
|4194304|5107|2592|4864|4595|0.000063|0.000108|0.000056|512|
|8388608|5107|2592|4864|4595|0.000077|0.000119|0.000057|512|
|16777216|5107|2592|4864|4595|0.000077|0.000159|0.000058|512|
