|64|2484|1312|2528|2420|0.000037|0.000158|0.000054|64|
|128|2484|1312|2528|2420|0.000039|0.000166|0.000045|64|
|256|2484|1312|2528|2420|0.000049|0.000179|0.000081|64|
|512|2484|1312|2528|2420|0.000036|0.000130|0.000043|64|
|1024|2484|1312|2528|2420|0.000034|0.000107|0.000065|64|
|2048|2484|1312|2528|2420|0.000044|0.000116|0.000044|64|
|4096|2484|1312|2528|2420|0.000032|0.000106|0.000033|64|
|8192|2484|1312|2528|2420|0.000037|0.000109|0.000040|64|
|16384|2484|1312|2528|2420|0.000039|0.000116|0.000037|64|
|32768|2484|1312|2528|2420|0.000036|0.000117|0.000041|64|
|65536|2484|1312|2528|2420|0.000040|0.000099|0.000040|64|
|131072|2484|1312|2528|2420|0.000036|0.000102|0.000033|64|
|262144|2484|1312|2528|2420|0.000043|0.000112|0.000040|64|
|524288|2484|1312|2528|2420|0.000055|0.000130|0.000044|64|
|1048576|2484|1312|2528|2420|0.000047|0.000115|0.000042|64|
|2097152|2484|1312|2528|2420|0.000049|0.000122|0.000040|64|
|4194304|2484|1312|2528|2420|0.000060|0.000110|0.000038|64|
|8388608|2484|1312|2528|2420|0.000070|0.000136|0.000048|64|
|16777216|2484|1312|2528|2420|0.000066|0.000126|0.000039|64|
