|32|2452|1312|2528|2420|0.000069|0.000275|0.000071|32|
|64|2452|1312|2528|2420|0.000068|0.000291|0.000075|32|
|128|2452|1312|2528|2420|0.000071|0.000293|0.000075|32|
|256|2452|1312|2528|2420|0.000075|0.000326|0.000084|32|
|512|2452|1312|2528|2420|0.000068|0.000271|0.000082|32|
|1024|2452|1312|2528|2420|0.000067|0.000292|0.000092|32|
|2048|2452|1312|2528|2420|0.000062|0.000296|0.000072|32|
|4096|2452|1312|2528|2420|0.000060|0.000246|0.000064|32|
|8192|2452|1312|2528|2420|0.000072|0.000329|0.000079|32|
|16384|2452|1312|2528|2420|0.000086|0.000304|0.000128|32|
|32768|2452|1312|2528|2420|0.000060|0.000255|0.000071|32|
|65536|2452|1312|2528|2420|0.000083|0.000302|0.000061|32|
|131072|2452|1312|2528|2420|0.000062|0.000289|0.000085|32|
|262144|2452|1312|2528|2420|0.000085|0.000338|0.000087|32|
|524288|2452|1312|2528|2420|0.000068|0.000258|0.000069|32|
|1048576|2452|1312|2528|2420|0.000068|0.000308|0.000069|32|
|2097152|2452|1312|2528|2420|0.000066|0.000266|0.000075|32|
|4194304|2452|1312|2528|2420|0.000120|0.000260|0.000071|32|
|8388608|2452|1312|2528|2420|0.000073|0.000281|0.000086|32|
|16777216|2452|1312|2528|2420|0.000073|0.000267|0.000068|32|
