|64|2484|1312|2528|2420|0.000122|0.000531|0.000125|64|
|128|2548|1312|2528|2420|0.000109|0.000481|0.000117|128|
|256|2676|1312|2528|2420|0.000104|0.000484|0.000119|256|
|512|2932|1312|2528|2420|0.000112|0.000521|0.000137|512|
|1024|3444|1312|2528|2420|0.000117|0.000426|0.000130|1024|
|2048|4468|1312|2528|2420|0.000103|0.000508|0.000121|2048|
|4096|6516|1312|2528|2420|0.000108|0.000526|0.000140|4096|
|8192|10612|1312|2528|2420|0.000101|0.000487|0.000152|8192|
|16384|18804|1312|2528|2420|0.000101|0.000529|0.000201|16384|
|32768|35188|1312|2528|2420|0.000124|0.000716|0.000332|32768|
|65536|67956|1312|2528|2420|0.000110|0.000821|0.000453|65536|
|131072|133492|1312|2528|2420|0.000107|0.001166|0.000784|131072|
|262144|264564|1312|2528|2420|0.000109|0.001910|0.001494|262144|
|524288|526708|1312|2528|2420|0.000110|0.003381|0.002847|524288|
|1048576|1050996|1312|2528|2420|0.000109|0.005569|0.005250|1048576|
|2097152|2099572|1312|2528|2420|0.000114|0.011294|0.010564|2097152|
|4194304|4196724|1312|2528|2420|0.000109|0.021644|0.020559|4194304|
|8388608|8391028|1312|2528|2420|0.000112|0.042244|0.040506|8388608|
|16777216|16779636|1312|2528|2420|0.000124|0.088721|0.089342|16777216|
