|32|3357|1952|4000|3293|0.000232|0.000435|0.000120|64|
|64|3357|1952|4000|3293|0.000125|0.000469|0.000109|64|
|128|3357|1952|4000|3293|0.000103|0.000424|0.000091|64|
|256|3357|1952|4000|3293|0.000119|0.000514|0.000113|64|
|512|3357|1952|4000|3293|0.000119|0.000426|0.000109|64|
|1024|3357|1952|4000|3293|0.000131|0.000480|0.000122|64|
|2048|3357|1952|4000|3293|0.000143|0.000474|0.000129|64|
|4096|3357|1952|4000|3293|0.000166|0.000521|0.000122|64|
|8192|3357|1952|4000|3293|0.000168|0.000502|0.000108|64|
|16384|3357|1952|4000|3293|0.000161|0.000430|0.000101|64|
|32768|3357|1952|4000|3293|0.000101|0.000468|0.000093|64|
|65536|3357|1952|4000|3293|0.000104|0.000522|0.000177|64|
|131072|3357|1952|4000|3293|0.000153|0.000474|0.000138|64|
|262144|3357|1952|4000|3293|0.000108|0.000417|0.000101|64|
|524288|3357|1952|4000|3293|0.000118|0.000392|0.000102|64|
|1048576|3357|1952|4000|3293|0.000122|0.000450|0.000103|64|
|2097152|3357|1952|4000|3293|0.000113|0.000440|0.000106|64|
|4194304|3357|1952|4000|3293|0.000116|0.000408|0.000098|64|
|8388608|3357|1952|4000|3293|0.000127|0.000481|0.000101|64|
|16777216|3357|1952|4000|3293|0.000123|0.000453|0.000106|64|
