|32|1295|1793|2305|1263|0.015198|0.000454|0.000056|32|
|64|1330|1793|2305|1266|0.014237|0.000463|0.000057|32|
|128|1396|1793|2305|1268|0.015064|0.000370|0.000056|32|
|256|1529|1793|2305|1273|0.015177|0.000418|0.000056|32|
|512|1782|1793|2305|1270|0.013817|0.000412|0.000152|32|
|1024|2295|1793|2305|1271|0.014187|0.000441|0.000075|32|
|2048|3323|1793|2305|1275|0.014563|0.000377|0.000063|32|
|4096|5369|1793|2305|1273|0.014549|0.000378|0.000056|32|
|8192|9468|1793|2305|1276|0.014716|0.000366|0.000064|32|
|16384|17657|1793|2305|1273|0.014691|0.000505|0.000058|32|
|32768|34044|1793|2305|1276|0.014328|0.000369|0.000061|32|
|65536|66798|1793|2305|1262|0.014116|0.000424|0.000058|32|
|131072|132342|1793|2305|1270|0.014967|0.000386|0.000056|32|
|262144|263413|1793|2305|1269|0.014802|0.000410|0.000079|32|
|524288|525562|1793|2305|1274|0.014741|0.000433|0.000056|32|
|1048576|1049840|1793|2305|1264|0.014765|0.000373|0.000062|32|
|2097152|2098425|1793|2305|1273|0.014725|0.000384|0.000057|32|
|4194304|4195578|1793|2305|1274|0.014284|0.000411|0.000057|32|
|8388608|8389875|1793|2305|1267|0.014412|0.000461|0.000066|32|
|16777216|16778488|1793|2305|1272|0.014806|0.000491|0.000065|32|
