|32|1307|1793|2305|1275|0.015449|0.000379|0.000056|32|
|64|1337|1793|2305|1273|0.015338|0.000280|0.000058|64|
|128|1393|1793|2305|1265|0.015294|0.000352|0.000057|128|
|256|1522|1793|2305|1266|0.014741|0.000380|0.000060|256|
|512|1785|1793|2305|1273|0.014031|0.000282|0.000058|512|
|1024|2295|1793|2305|1271|0.015038|0.000371|0.000059|1024|
|2048|3320|1793|2305|1272|0.015968|0.000423|0.000062|2048|
|4096|5367|1793|2305|1271|0.014708|0.000429|0.000124|4096|
|8192|9470|1793|2305|1278|0.014266|0.000366|0.000138|8192|
|16384|17654|1793|2305|1270|0.015593|0.000317|0.000088|16384|
|32768|34041|1793|2305|1273|0.015239|0.000351|0.000116|32768|
|65536|66804|1793|2305|1268|0.015423|0.000507|0.000226|65536|
|131072|132350|1793|2305|1278|0.015447|0.000621|0.000331|131072|
|262144|263410|1793|2305|1266|0.014655|0.000875|0.000567|262144|
|524288|525554|1793|2305|1266|0.015219|0.001547|0.001166|524288|
|1048576|1049850|1793|2305|1274|0.015020|0.002497|0.002289|1048576|
|2097152|2098419|1793|2305|1267|0.015572|0.004844|0.004381|2097152|
|4194304|4195583|1793|2305|1279|0.014102|0.008940|0.008569|4194304|
|8388608|8389879|1793|2305|1271|0.015317|0.017760|0.017614|8388608|
|16777216|16778483|1793|2305|1267|0.014348|0.035831|0.035161|16777216|
