|32|1304|1793|2305|1272|0.015142|0.000420|0.000056|64|
|64|1331|1793|2305|1267|0.015170|0.000377|0.000056|64|
|128|1403|1793|2305|1275|0.014639|0.000389|0.000057|64|
|256|1528|1793|2305|1272|0.014579|0.000368|0.000061|64|
|512|1787|1793|2305|1275|0.015145|0.000370|0.000062|64|
|1024|2290|1793|2305|1266|0.015272|0.000433|0.000056|64|
|2048|3314|1793|2305|1266|0.014666|0.000378|0.000056|64|
|4096|5370|1793|2305|1274|0.014766|0.000373|0.000059|64|
|8192|9467|1793|2305|1275|0.015113|0.000371|0.000076|64|
|16384|17651|1793|2305|1267|0.014921|0.000387|0.000059|64|
|32768|34039|1793|2305|1271|0.014411|0.000380|0.000056|64|
|65536|66812|1793|2305|1276|0.014585|0.000491|0.000062|64|
|131072|132341|1793|2305|1269|0.015062|0.000386|0.000056|64|
|262144|263414|1793|2305|1270|0.014931|0.000410|0.000056|64|
|524288|525560|1793|2305|1272|0.014922|0.000413|0.000056|64|
|1048576|1049851|1793|2305|1275|0.015014|0.000467|0.000059|64|
|2097152|2098425|1793|2305|1273|0.014774|0.000408|0.000056|64|
|4194304|4195576|1793|2305|1272|0.014374|0.000371|0.000056|64|
|8388608|8389879|1793|2305|1271|0.015014|0.000389|0.000060|64|
|16777216|16778483|1793|2305|1267|0.015345|0.000415|0.000056|64|
