|64|719|897|1281|655|0.009176|0.000315|0.000051|64|
|128|783|897|1281|655|0.008711|0.000299|0.000050|64|
|256|910|897|1281|654|0.009407|0.000448|0.000059|64|
|512|1169|897|1281|657|0.008555|0.000309|0.000067|64|
|1024|1681|897|1281|657|0.008290|0.000244|0.000046|64|
|2048|2703|897|1281|655|0.009070|0.000277|0.000050|64|
|4096|4753|897|1281|657|0.008518|0.000255|0.000064|64|
|8192|8846|897|1281|654|0.009212|0.000303|0.000050|64|
|16384|17041|897|1281|657|0.009362|0.000335|0.000050|64|
|32768|33424|897|1281|656|0.008499|0.000378|0.000051|64|
|65536|66192|897|1281|656|0.008592|0.000235|0.000069|64|
|131072|131729|897|1281|657|0.008232|0.000266|0.000080|64|
|262144|262803|897|1281|659|0.008454|0.000318|0.000051|64|
|524288|524943|897|1281|655|0.008781|0.000271|0.000050|64|
|1048576|1049232|897|1281|656|0.008261|0.000288|0.000046|64|
|2097152|2097807|897|1281|655|0.008695|0.000383|0.000069|64|
|4194304|4194961|897|1281|657|0.008706|0.000305|0.000056|64|
|8388608|8389262|897|1281|654|0.008403|0.000242|0.000046|64|
|16777216|16777871|897|1281|655|0.009804|0.000276|0.000046|64|
