|64|719|897|1281|655|0.008695|0.000317|0.000055|32|
|128|784|897|1281|656|0.007971|0.000339|0.000050|32|
|256|913|897|1281|657|0.007882|0.000416|0.000054|32|
|512|1167|897|1281|655|0.007816|0.000326|0.000050|32|
|1024|1681|897|1281|657|0.007880|0.000307|0.000045|32|
|2048|2704|897|1281|656|0.008251|0.000357|0.000055|32|
|4096|4751|897|1281|655|0.008244|0.000336|0.000051|32|
|8192|8847|897|1281|655|0.008145|0.000373|0.000053|32|
|16384|17042|897|1281|658|0.008553|0.000348|0.000050|32|
|32768|33424|897|1281|656|0.007951|0.000374|0.000051|32|
|65536|66192|897|1281|656|0.008236|0.000291|0.000074|32|
|131072|131729|897|1281|657|0.007089|0.000336|0.000050|32|
|262144|262802|897|1281|658|0.008654|0.000290|0.000055|32|
|524288|524944|897|1281|656|0.008234|0.000354|0.000046|32|
|1048576|1049233|897|1281|657|0.007862|0.000357|0.000054|32|
|2097152|2097807|897|1281|655|0.007325|0.000302|0.000081|32|
|4194304|4194958|897|1281|654|0.008444|0.000392|0.000050|32|
|8388608|8389260|897|1281|652|0.008235|0.000349|0.000063|32|
|16777216|16777871|897|1281|655|0.007893|0.000304|0.000058|32|
