|64|721|897|1281|657|0.008979|0.000386|0.000051|32|
|128|781|897|1281|653|0.008313|0.000311|0.000053|32|
|256|910|897|1281|654|0.008937|0.000276|0.000052|32|
|512|1168|897|1281|656|0.008433|0.000263|0.000050|32|
|1024|1686|897|1281|662|0.008616|0.000273|0.000053|32|
|2048|2700|897|1281|652|0.008971|0.000238|0.000045|32|
|4096|4751|897|1281|655|0.007987|0.000281|0.000052|32|
|8192|8849|897|1281|657|0.008414|0.000274|0.000050|32|
|16384|17037|897|1281|653|0.008124|0.000231|0.000047|32|
|32768|33422|897|1281|654|0.008371|0.000306|0.000049|32|
|65536|66194|897|1281|658|0.007922|0.000233|0.000046|32|
|131072|131726|897|1281|654|0.008144|0.000317|0.000073|32|
|262144|262798|897|1281|654|0.008820|0.000293|0.000050|32|
|524288|524942|897|1281|654|0.008365|0.000305|0.000077|32|
|1048576|1049228|897|1281|652|0.008492|0.000289|0.000050|32|
|2097152|2097807|897|1281|655|0.008962|0.000290|0.000047|32|
|4194304|4194955|897|1281|651|0.008655|0.000277|0.000051|32|
|8388608|8389263|897|1281|655|0.008742|0.000310|0.000050|32|
|16777216|16777874|897|1281|658|0.008226|0.000257|0.000052|32|
