|64|1336|1793|2305|1272|0.026495|0.000558|0.000125|64|
|128|1397|1793|2305|1269|0.027790|0.000584|0.000127|64|
|256|1529|1793|2305|1273|0.026836|0.000669|0.000103|64|
|512|1778|1793|2305|1266|0.025244|0.000790|0.000099|64|
|1024|2296|1793|2305|1272|0.025345|0.000535|0.000107|64|
|2048|3317|1793|2305|1269|0.025012|0.000549|0.000099|64|
|4096|5358|1793|2305|1262|0.023825|0.000613|0.000121|64|
|8192|9465|1793|2305|1273|0.025962|0.000548|0.000095|64|
|16384|17654|1793|2305|1270|0.024470|0.000569|0.000114|64|
|32768|34040|1793|2305|1272|0.024177|0.000526|0.000087|64|
|65536|66808|1793|2305|1272|0.022109|0.000551|0.000099|64|
|131072|132337|1793|2305|1265|0.025444|0.000496|0.000088|64|
|262144|263417|1793|2305|1273|0.026076|0.000557|0.000094|64|
|524288|525558|1793|2305|1270|0.023815|0.000656|0.000125|64|
|1048576|1049848|1793|2305|1272|0.024653|0.000541|0.000104|64|
|2097152|2098429|1793|2305|1277|0.025397|0.000579|0.000118|64|
|4194304|4195575|1793|2305|1271|0.026084|0.000587|0.000109|64|
|8388608|8389881|1793|2305|1273|0.025738|0.000579|0.000118|64|
|16777216|16778489|1793|2305|1273|0.026030|0.000627|0.000100|64|
