|32|688|897|1281|656|0.005115|0.000255|0.000028|64|
|64|718|897|1281|654|0.004828|0.000281|0.000029|64|
|128|782|897|1281|654|0.005195|0.000262|0.000028|64|
|256|911|897|1281|655|0.004836|0.000183|0.000029|64|
|512|1164|897|1281|652|0.004683|0.000185|0.000028|64|
|1024|1680|897|1281|656|0.004787|0.000194|0.000029|64|
|2048|2700|897|1281|652|0.005143|0.000206|0.000029|64|
|4096|4749|897|1281|653|0.004954|0.000197|0.000047|64|
|8192|8848|897|1281|656|0.004908|0.000297|0.000060|64|
|16384|17044|897|1281|660|0.005118|0.000207|0.000029|64|
|32768|33423|897|1281|655|0.004992|0.000369|0.000028|64|
|65536|66195|897|1281|659|0.005340|0.000228|0.000029|64|
|131072|131731|897|1281|659|0.004711|0.000267|0.000029|64|
|262144|262804|897|1281|660|0.004889|0.000188|0.000029|64|
|524288|524943|897|1281|655|0.005116|0.000190|0.000029|64|
|1048576|1049230|897|1281|654|0.004636|0.000185|0.000028|64|
|2097152|2097804|897|1281|652|0.005370|0.000198|0.000028|64|
|4194304|4194963|897|1281|659|0.004855|0.000240|0.000034|64|
|8388608|8389264|897|1281|656|0.004904|0.000183|0.000028|64|
|16777216|16777874|897|1281|658|0.005090|0.000184|0.000029|64|
