|32|1302|1793|2305|1270|0.014761|0.000363|0.000071|32|
|64|1331|1793|2305|1267|0.015767|0.000288|0.000056|32|
|128|1396|1793|2305|1268|0.014499|0.000323|0.000056|32|
|256|1524|1793|2305|1268|0.015867|0.000365|0.000056|32|
|512|1782|1793|2305|1270|0.015638|0.000366|0.000067|32|
|1024|2294|1793|2305|1270|0.015010|0.000328|0.000056|32|
|2048|3320|1793|2305|1272|0.014980|0.000287|0.000056|32|
|4096|5368|1793|2305|1272|0.015751|0.000370|0.000079|32|
|8192|9461|1793|2305|1269|0.014641|0.000325|0.000056|32|
|16384|17654|1793|2305|1270|0.015205|0.000297|0.000057|32|
|32768|34038|1793|2305|1270|0.014619|0.000286|0.000056|32|
|65536|66806|1793|2305|1270|0.015167|0.000395|0.000056|32|
|131072|132340|1793|2305|1268|0.014772|0.000296|0.000148|32|
|262144|263418|1793|2305|1274|0.014698|0.000312|0.000056|32|
|524288|525554|1793|2305|1266|0.013891|0.000316|0.000056|32|
|1048576|1049844|1793|2305|1268|0.014503|0.000298|0.000082|32|
|2097152|2098422|1793|2305|1270|0.014394|0.000329|0.000056|32|
|4194304|4195577|1793|2305|1273|0.014029|0.000323|0.000057|32|
|8388608|8389884|1793|2305|1276|0.015955|0.000319|0.000056|32|
|16777216|16778490|1793|2305|1274|0.014682|0.000322|0.000056|32|
