|64|719|897|1281|655|0.008759|0.000293|0.000050|64|
|128|783|897|1281|655|0.009067|0.000280|0.000057|128|
|256|910|897|1281|654|0.008696|0.000323|0.000046|256|
|512|1166|897|1281|654|0.008736|0.000343|0.000055|512|
|1024|1677|897|1281|653|0.008438|0.000266|0.000049|1024|
|2048|2705|897|1281|657|0.008666|0.000286|0.000057|2048|
|4096|4751|897|1281|655|0.008592|0.000305|0.000096|4096|
|8192|8852|897|1281|660|0.008910|0.000320|0.000094|8192|
|16384|17037|897|1281|653|0.008251|0.000313|0.000120|16384|
|32768|33424|897|1281|656|0.009152|0.000476|0.000200|32768|
|65536|66194|897|1281|658|0.008707|0.000547|0.000296|65536|
|131072|131725|897|1281|653|0.008571|0.000727|0.000530|131072|
|262144|262801|897|1281|657|0.008250|0.001289|0.000992|262144|
|524288|524939|897|1281|651|0.009138|0.001910|0.001723|524288|
|1048576|1049227|897|1281|651|0.008111|0.004188|0.003968|1048576|
|2097152|2097806|897|1281|654|0.008917|0.008214|0.007282|2097152|
|4194304|4194957|897|1281|653|0.007717|0.015944|0.013919|4194304|
|8388608|8389263|897|1281|655|0.007365|0.027292|0.029111|8388608|
|16777216|16777869|897|1281|653|0.008369|0.062786|0.059525|16777216|
