|32|687|897|1281|655|0.005309|0.000199|0.000047|32|
|64|717|897|1281|653|0.005237|0.000199|0.000056|64|
|128|779|897|1281|651|0.005283|0.000229|0.000029|128|
|256|914|897|1281|658|0.004634|0.000242|0.000029|256|
|512|1166|897|1281|654|0.005248|0.000189|0.000032|512|
|1024|1685|897|1281|661|0.004914|0.000202|0.000034|1024|
|2048|2706|897|1281|658|0.005000|0.000201|0.000032|2048|
|4096|4752|897|1281|656|0.005140|0.000254|0.000039|4096|
|8192|8846|897|1281|654|0.005731|0.000210|0.000073|8192|
|16384|17041|897|1281|657|0.004894|0.000217|0.000061|16384|
|32768|33423|897|1281|655|0.005007|0.000280|0.000085|32768|
|65536|66191|897|1281|655|0.005039|0.000317|0.000140|65536|
|131072|131730|897|1281|658|0.004896|0.000531|0.000571|131072|
|262144|262794|897|1281|650|0.004672|0.000751|0.000618|262144|
|524288|524944|897|1281|656|0.005043|0.001428|0.001192|524288|
|1048576|1049231|897|1281|655|0.005047|0.002372|0.002131|1048576|
|2097152|2097806|897|1281|654|0.004917|0.004337|0.004142|2097152|
|4194304|4194957|897|1281|653|0.004967|0.008270|0.007915|4194304|
|8388608|8389261|897|1281|653|0.004766|0.016750|0.016140|8388608|
|16777216|16777874|897|1281|658|0.004721|0.034268|0.033360|16777216|
