|32|1305|1793|2305|1273|0.014477|0.000422|0.000056|32|
|64|1334|1793|2305|1270|0.014685|0.000367|0.000056|64|
|128|1400|1793|2305|1272|0.014620|0.000366|0.000065|128|
|256|1524|1793|2305|1268|0.014250|0.000415|0.000057|256|
|512|1781|1793|2305|1269|0.015095|0.000396|0.000057|512|
|1024|2293|1793|2305|1269|0.015296|0.000415|0.000059|1024|
|2048|3319|1793|2305|1271|0.015033|0.000376|0.000059|2048|
|4096|5365|1793|2305|1269|0.015281|0.000380|0.000063|4096|
|8192|9462|1793|2305|1270|0.015679|0.000503|0.000070|8192|
|16384|17653|1793|2305|1269|0.013917|0.000409|0.000086|16384|
|32768|34045|1793|2305|1277|0.015026|0.000595|0.000123|32768|
|65536|66810|1793|2305|1274|0.014738|0.000577|0.000180|65536|
|131072|132337|1793|2305|1265|0.014820|0.000623|0.000336|131072|
|262144|263415|1793|2305|1271|0.014566|0.000914|0.000529|262144|
|524288|525558|1793|2305|1270|0.015062|0.001551|0.001144|524288|
|1048576|1049848|1793|2305|1272|0.014976|0.002519|0.002104|1048576|
|2097152|2098426|1793|2305|1274|0.015381|0.004842|0.004282|2097152|
|4194304|4195578|1793|2305|1274|0.014449|0.008653|0.008485|4194304|
|8388608|8389877|1793|2305|1269|0.014769|0.017370|0.016482|8388608|
|16777216|16778484|1793|2305|1268|0.015805|0.033716|0.032677|16777216|
