|32|384|422|1767|320|0.377475|0.001596|0.000033|64|
|64|384|422|1767|320|0.377475|0.001760|0.000034|64|
|128|384|422|1767|320|0.377475|0.001518|0.000031|64|
|256|384|422|1767|320|0.377475|0.001753|0.000032|64|
|512|384|422|1767|320|0.377475|0.001569|0.000034|64|
|1024|384|422|1767|320|0.377475|0.001460|0.000112|64|
|2048|384|422|1767|320|0.377475|0.001719|0.000035|64|
|4096|384|422|1767|320|0.377475|0.001819|0.000038|64|
|8192|384|422|1767|320|0.377475|0.001795|0.000034|64|
|16384|384|422|1767|320|0.377475|0.001619|0.000031|64|
|32768|384|422|1767|320|0.377475|0.001710|0.000033|64|
|65536|384|422|1767|320|0.377475|0.001750|0.000033|64|
|131072|384|422|1767|320|0.377475|0.001654|0.000123|64|
|262144|384|422|1767|320|0.377475|0.001698|0.000033|64|
|524288|384|422|1767|320|0.377475|0.001580|0.000035|64|
|1048576|384|422|1767|320|0.377475|0.001743|0.000071|64|
|2097152|384|422|1767|320|0.377475|0.001484|0.000031|64|
|4194304|384|422|1767|320|0.377475|0.001451|0.000032|64|
|8388608|384|422|1767|320|0.377475|0.001453|0.000031|64|
|16777216|384|422|1767|320|0.377475|0.001460|0.000031|64|
