|32|128|162|610|96|0.006679|0.000083|0.000005|32|
|64|128|162|610|96|0.006679|0.000077|0.000005|32|
|128|128|162|610|96|0.006679|0.000067|0.000004|32|
|256|128|162|610|96|0.006679|0.000075|0.000004|32|
|512|128|162|610|96|0.006679|0.000072|0.000004|32|
|1024|128|162|610|96|0.006679|0.000069|0.000004|32|
|2048|128|162|610|96|0.006679|0.000067|0.000004|32|
|4096|128|162|610|96|0.006679|0.000075|0.000005|32|
|8192|128|162|610|96|0.006679|0.000068|0.000004|32|
|16384|128|162|610|96|0.006679|0.000079|0.000005|32|
|32768|128|162|610|96|0.006679|0.000068|0.000004|32|
|65536|128|162|610|96|0.006679|0.000068|0.000004|32|
|131072|128|162|610|96|0.006679|0.000069|0.000004|32|
|262144|128|162|610|96|0.006679|0.000085|0.000005|32|
|524288|128|162|610|96|0.006679|0.000074|0.000005|32|
|1048576|128|162|610|96|0.006679|0.000076|0.000005|32|
|2097152|128|162|610|96|0.006679|0.000079|0.000005|32|
|4194304|128|162|610|96|0.006679|0.000084|0.000005|32|
|8388608|128|162|610|96|0.006679|0.000096|0.000006|32|
|16777216|128|162|610|96|0.006679|0.000092|0.000006|32|
