|32|128|162|610|64|0.006679|0.000082|0.000005|64|
|64|128|162|610|64|0.006679|0.000114|0.000007|64|
|128|128|162|610|64|0.006679|0.000079|0.000005|64|
|256|128|162|610|64|0.006679|0.000074|0.000004|64|
|512|128|162|610|64|0.006679|0.000103|0.000006|64|
|1024|128|162|610|64|0.006679|0.000070|0.000004|64|
|2048|128|162|610|64|0.006679|0.000073|0.000004|64|
|4096|128|162|610|64|0.006679|0.000071|0.000004|64|
|8192|128|162|610|64|0.006679|0.000082|0.000005|64|
|16384|128|162|610|64|0.006679|0.000076|0.000005|64|
|32768|128|162|610|64|0.006679|0.000079|0.000005|64|
|65536|128|162|610|64|0.006679|0.000077|0.000004|64|
|131072|128|162|610|64|0.006679|0.000082|0.000005|64|
|262144|128|162|610|64|0.006679|0.000079|0.000005|64|
|524288|128|162|610|64|0.006679|0.000099|0.000006|64|
|1048576|128|162|610|64|0.006679|0.000082|0.000005|64|
|2097152|128|162|610|64|0.006679|0.000083|0.000005|64|
|4194304|128|162|610|64|0.006679|0.000186|0.000006|64|
|8388608|128|162|610|64|0.006679|0.000096|0.000006|64|
|16777216|128|162|610|64|0.006679|0.000093|0.000006|64|
