|32|960|998|4364|928|12.749650|0.036581|0.000333|32|
|64|960|998|4364|928|12.749650|0.036763|0.000210|32|
|128|960|998|4364|928|12.749650|0.036943|0.000201|32|
|256|960|998|4364|928|12.749650|0.035928|0.000204|32|
|512|960|998|4364|928|12.749650|0.037087|0.000211|32|
|1024|960|998|4364|928|12.749650|0.037829|0.000244|32|
|2048|960|998|4364|928|12.749650|0.037496|0.000202|32|
|4096|960|998|4364|928|12.749650|0.036353|0.000218|32|
|8192|960|998|4364|928|12.749650|0.037290|0.000218|32|
|16384|960|998|4364|928|12.749650|0.033281|0.000194|32|
|32768|960|998|4364|928|12.749650|0.031589|0.000188|32|
|65536|960|998|4364|928|12.749650|0.031686|0.000181|32|
|131072|960|998|4364|928|12.749650|0.033168|0.000190|32|
|262144|960|998|4364|928|12.749650|0.031267|0.000190|32|
|524288|960|998|4364|928|12.749650|0.031106|0.000173|32|
|1048576|960|998|4364|928|12.749650|0.032018|0.000198|32|
|2097152|960|998|4364|928|12.749650|0.035428|0.000264|32|
|4194304|960|998|4364|928|12.749650|0.032696|0.000193|32|
|8388608|960|998|4364|928|12.749650|0.031252|0.000182|32|
|16777216|960|998|4364|928|12.749650|0.031186|0.000181|32|
