|32|1920|1958|8684|1856|109.706926|0.181513|0.000761|64|
|64|1920|1958|8684|1856|109.706926|0.184387|0.000784|64|
|128|1920|1958|8684|1856|109.706926|0.183599|0.000820|64|
|256|1920|1958|8684|1856|109.706926|0.183108|0.000793|64|
|512|1920|1958|8684|1856|109.706926|0.181397|0.000770|64|
|1024|1920|1958|8684|1856|109.706926|0.181312|0.000741|64|
|2048|1920|1958|8684|1856|109.706926|0.180663|0.000782|64|
|4096|1920|1958|8684|1856|109.706926|0.182813|0.000804|64|
|8192|1920|1958|8684|1856|109.706926|0.183852|0.000778|64|
|16384|1920|1958|8684|1856|109.706926|0.181449|0.000740|64|
|32768|1920|1958|8684|1856|109.706926|0.182929|0.000775|64|
|65536|1920|1958|8684|1856|109.706926|0.181573|0.000773|64|
|131072|1920|1958|8684|1856|109.706926|0.182365|0.000910|64|
|262144|1920|1958|8684|1856|109.706926|0.181819|0.000754|64|
|524288|1920|1958|8684|1856|109.706926|0.183233|0.000810|64|
|1048576|1920|1958|8684|1856|109.706926|0.180534|0.000766|64|
|2097152|1920|1958|8684|1856|109.706926|0.182670|0.000740|64|
|4194304|1920|1958|8684|1856|109.706926|0.180084|0.000756|64|
|8388608|1920|1958|8684|1856|109.706926|0.184757|0.000799|64|
|16777216|1920|1958|8684|1856|109.706926|0.189177|0.000751|64|
