|32|960|998|4364|896|12.749650|0.031120|0.000243|64|
|64|960|998|4364|896|12.749650|0.032170|0.000178|64|
|128|960|998|4364|896|12.749650|0.037098|0.000205|64|
|256|960|998|4364|896|12.749650|0.036190|0.000197|64|
|512|960|998|4364|896|12.749650|0.034341|0.000191|64|
|1024|960|998|4364|896|12.749650|0.034701|0.000215|64|
|2048|960|998|4364|896|12.749650|0.034924|0.000214|64|
|4096|960|998|4364|896|12.749650|0.036529|0.000217|64|
|8192|960|998|4364|896|12.749650|0.036904|0.000204|64|
|16384|960|998|4364|896|12.749650|0.036431|0.000197|64|
|32768|960|998|4364|896|12.749650|0.037064|0.000213|64|
|65536|960|998|4364|896|12.749650|0.036583|0.000203|64|
|131072|960|998|4364|896|12.749650|0.034534|0.000180|64|
|262144|960|998|4364|896|12.749650|0.034803|0.000306|64|
|524288|960|998|4364|896|12.749650|0.035088|0.000191|64|
|1048576|960|998|4364|896|12.749650|0.035018|0.000268|64|
|2097152|960|998|4364|896|12.749650|0.036844|0.000209|64|
|4194304|960|998|4364|896|12.749650|0.037848|0.000204|64|
|8388608|960|998|4364|896|12.749650|0.036407|0.000268|64|
|16777216|960|998|4364|896|12.749650|0.037232|0.000214|64|
