|32|384|422|1767|352|0.377475|0.002073|0.000030|32|
|64|384|422|1767|352|0.377475|0.001465|0.000029|32|
|128|384|422|1767|352|0.377475|0.001426|0.000030|32|
|256|384|422|1767|352|0.377475|0.001600|0.000033|32|
|512|384|422|1767|352|0.377475|0.001456|0.000031|32|
|1024|384|422|1767|352|0.377475|0.001452|0.000031|32|
|2048|384|422|1767|352|0.377475|0.001418|0.000029|32|
|4096|384|422|1767|352|0.377475|0.001407|0.000030|32|
|8192|384|422|1767|352|0.377475|0.001500|0.000030|32|
|16384|384|422|1767|352|0.377475|0.001498|0.000030|32|
|32768|384|422|1767|352|0.377475|0.001433|0.000030|32|
|65536|384|422|1767|352|0.377475|0.001567|0.000032|32|
|131072|384|422|1767|352|0.377475|0.001526|0.000037|32|
|262144|384|422|1767|352|0.377475|0.001430|0.000031|32|
|524288|384|422|1767|352|0.377475|0.001378|0.000030|32|
|1048576|384|422|1767|352|0.377475|0.001507|0.000031|32|
|2097152|384|422|1767|352|0.377475|0.001423|0.000029|32|
|4194304|384|422|1767|352|0.377475|0.001467|0.000032|32|
|8388608|384|422|1767|352|0.377475|0.001420|0.000030|32|
|16777216|384|422|1767|352|0.377475|0.001473|0.000032|32|
