|32|256|294|1193|192|0.186183|0.000542|0.000014|64|
|64|256|294|1193|192|0.186183|0.000486|0.000014|64|
|128|256|294|1193|192|0.186183|0.000475|0.000014|64|
|256|256|294|1193|192|0.186183|0.000605|0.000018|64|
|512|256|294|1193|192|0.186183|0.000559|0.000017|64|
|1024|256|294|1193|192|0.186183|0.000571|0.000017|64|
|2048|256|294|1193|192|0.186183|0.000573|0.000017|64|
|4096|256|294|1193|192|0.186183|0.000522|0.000015|64|
|8192|256|294|1193|192|0.186183|0.000501|0.000014|64|
|16384|256|294|1193|192|0.186183|0.000496|0.000014|64|
|32768|256|294|1193|192|0.186183|0.000585|0.000015|64|
|65536|256|294|1193|192|0.186183|0.000517|0.000015|64|
|131072|256|294|1193|192|0.186183|0.000490|0.000017|64|
|262144|256|294|1193|192|0.186183|0.000473|0.000015|64|
|524288|256|294|1193|192|0.186183|0.000523|0.000016|64|
|1048576|256|294|1193|192|0.186183|0.000491|0.000020|64|
|2097152|256|294|1193|192|0.186183|0.000708|0.000076|64|
|4194304|256|294|1193|192|0.186183|0.000666|0.000016|64|
|8388608|256|294|1193|192|0.186183|0.000534|0.000015|64|
|16777216|256|294|1193|192|0.186183|0.000554|0.000016|64|
