|32|256|294|1193|224|0.186183|0.000602|0.000019|32|
|64|256|294|1193|224|0.186183|0.000728|0.000020|32|
|128|256|294|1193|224|0.186183|0.000471|0.000014|32|
|256|256|294|1193|224|0.186183|0.000514|0.000016|32|
|512|256|294|1193|224|0.186183|0.000592|0.000019|32|
|1024|256|294|1193|224|0.186183|0.000452|0.000014|32|
|2048|256|294|1193|224|0.186183|0.000477|0.000015|32|
|4096|256|294|1193|224|0.186183|0.000513|0.000016|32|
|8192|256|294|1193|224|0.186183|0.000467|0.000014|32|
|16384|256|294|1193|224|0.186183|0.000669|0.000017|32|
|32768|256|294|1193|224|0.186183|0.000567|0.000016|32|
|65536|256|294|1193|224|0.186183|0.000577|0.000018|32|
|131072|256|294|1193|224|0.186183|0.000537|0.000017|32|
|262144|256|294|1193|224|0.186183|0.000495|0.000015|32|
|524288|256|294|1193|224|0.186183|0.000519|0.000014|32|
|1048576|256|294|1193|224|0.186183|0.000665|0.000016|32|
|2097152|256|294|1193|224|0.186183|0.000501|0.000015|32|
|4194304|256|294|1193|224|0.186183|0.000527|0.000015|32|
|8388608|256|294|1193|224|0.186183|0.000650|0.000017|32|
|16777216|256|294|1193|224|0.186183|0.000556|0.000015|32|
