|64|35728|48|96|35664|0.004986|0.131407|0.007843|64|
|128|35792|48|96|35664|0.005095|0.128752|0.007480|128|
|256|35920|48|96|35664|0.004983|0.127308|0.007367|256|
|512|36176|48|96|35664|0.005012|0.127311|0.007339|512|
|1024|36688|48|96|35664|0.005033|0.127087|0.007297|1024|
|2048|37712|48|96|35664|0.005020|0.128899|0.007332|2048|
|4096|39760|48|96|35664|0.005026|0.128833|0.007342|4096|
|8192|43856|48|96|35664|0.005164|0.131230|0.007497|8192|
|16384|52048|48|96|35664|0.005108|0.131996|0.007667|16384|
|32768|68432|48|96|35664|0.005070|0.132189|0.007738|32768|
|65536|101200|48|96|35664|0.005012|0.130519|0.007681|65536|
|131072|166736|48|96|35664|0.005110|0.133063|0.008051|131072|
|262144|297808|48|96|35664|0.004860|0.128876|0.008399|262144|
|524288|559952|48|96|35664|0.004896|0.132021|0.009352|524288|
|1048576|1084240|48|96|35664|0.005223|0.137034|0.011583|1048576|
|2097152|2132816|48|96|35664|0.005240|0.147155|0.016348|2097152|
|4194304|4229968|48|96|35664|0.005090|0.164049|0.023671|4194304|
|8388608|8424272|48|96|35664|0.005099|0.191971|0.038946|8388608|
|16777216|16812880|48|96|35664|0.004011|0.204432|0.055870|16777216|
