|64|35728|48|96|35664|0.000603|0.017478|0.001338|64|
|128|35728|48|96|35664|0.000651|0.017718|0.001256|64|
|256|35728|48|96|35664|0.000590|0.017437|0.001235|64|
|512|35728|48|96|35664|0.000644|0.018585|0.001379|64|
|1024|35728|48|96|35664|0.000709|0.018576|0.001393|64|
|2048|35728|48|96|35664|0.000672|0.018476|0.001260|64|
|4096|35728|48|96|35664|0.000660|0.018615|0.001253|64|
|8192|35728|48|96|35664|0.000621|0.017802|0.001393|64|
|16384|35728|48|96|35664|0.000784|0.017463|0.001256|64|
|32768|35728|48|96|35664|0.000680|0.017418|0.001335|64|
|65536|35728|48|96|35664|0.000687|0.017293|0.001320|64|
|131072|35728|48|96|35664|0.000660|0.017484|0.001285|64|
|262144|35728|48|96|35664|0.000609|0.017528|0.001229|64|
|524288|35728|48|96|35664|0.000644|0.018530|0.001242|64|
|1048576|35728|48|96|35664|0.000587|0.017780|0.001205|64|
|2097152|35728|48|96|35664|0.000663|0.017756|0.001243|64|
|4194304|35728|48|96|35664|0.000622|0.017595|0.001328|64|
|8388608|35728|48|96|35664|0.000702|0.017721|0.001393|64|
|16777216|35728|48|96|35664|0.000620|0.017570|0.001306|64|
