|32|49888|64|128|49856|0.011036|0.206136|0.006092|32|
|64|49920|64|128|49856|0.010765|0.208612|0.005849|64|
|128|49984|64|128|49856|0.010421|0.213377|0.006366|128|
|256|50112|64|128|49856|0.011083|0.211518|0.005916|256|
|512|50368|64|128|49856|0.010064|0.204341|0.006047|512|
|1024|50880|64|128|49856|0.010271|0.204993|0.005919|1024|
|2048|51904|64|128|49856|0.011077|0.209644|0.006250|2048|
|4096|53952|64|128|49856|0.010885|0.211383|0.005939|4096|
|8192|58048|64|128|49856|0.010911|0.207211|0.005923|8192|
|16384|66240|64|128|49856|0.010949|0.206089|0.005725|16384|
|32768|82624|64|128|49856|0.011131|0.214284|0.005906|32768|
|65536|115392|64|128|49856|0.010977|0.210795|0.006028|65536|
|131072|180928|64|128|49856|0.010208|0.199525|0.005744|131072|
|262144|312000|64|128|49856|0.010481|0.202332|0.006823|262144|
|524288|574144|64|128|49856|0.010397|0.209813|0.007176|524288|
|1048576|1098432|64|128|49856|0.010855|0.214257|0.009002|1048576|
|2097152|2147008|64|128|49856|0.010900|0.230706|0.011089|2097152|
|4194304|4244160|64|128|49856|0.011055|0.230346|0.015638|4194304|
|8388608|8438464|64|128|49856|0.010549|0.246835|0.024780|8388608|
|16777216|16827072|64|128|49856|0.010825|0.278868|0.042532|16777216|
