|64|49920|64|128|49856|0.010582|0.210562|0.005915|64|
|128|49920|64|128|49856|0.011248|0.213621|0.006293|64|
|256|49920|64|128|49856|0.010736|0.214418|0.005916|64|
|512|49920|64|128|49856|0.010717|0.204561|0.005920|64|
|1024|49920|64|128|49856|0.010237|0.201732|0.005721|64|
|2048|49920|64|128|49856|0.011199|0.211058|0.006051|64|
|4096|49920|64|128|49856|0.010331|0.205107|0.005650|64|
|8192|49920|64|128|49856|0.011286|0.219478|0.006352|64|
|16384|49920|64|128|49856|0.010433|0.212740|0.006238|64|
|32768|49920|64|128|49856|0.010275|0.213974|0.006262|64|
|65536|49920|64|128|49856|0.011080|0.211664|0.006268|64|
|131072|49920|64|128|49856|0.010370|0.204411|0.005737|64|
|262144|49920|64|128|49856|0.010885|0.212294|0.005825|64|
|524288|49920|64|128|49856|0.011077|0.214086|0.006145|64|
|1048576|49920|64|128|49856|0.010336|0.206314|0.006330|64|
|2097152|49920|64|128|49856|0.010642|0.207815|0.005695|64|
|4194304|49920|64|128|49856|0.010591|0.206340|0.005880|64|
|8388608|49920|64|128|49856|0.010298|0.201787|0.005583|64|
|16777216|49920|64|128|49856|0.010125|0.202860|0.005781|64|
