|32|35728|48|96|35664|0.002721|0.072906|0.004210|64|
|64|35728|48|96|35664|0.003027|0.073573|0.004462|64|
|128|35728|48|96|35664|0.002884|0.074287|0.004384|64|
|256|35728|48|96|35664|0.002868|0.074495|0.004195|64|
|512|35728|48|96|35664|0.002932|0.074697|0.004201|64|
|1024|35728|48|96|35664|0.002787|0.076517|0.004274|64|
|2048|35728|48|96|35664|0.002901|0.077884|0.004388|64|
|4096|35728|48|96|35664|0.003194|0.076856|0.004356|64|
|8192|35728|48|96|35664|0.002776|0.074968|0.004268|64|
|16384|35728|48|96|35664|0.002879|0.075720|0.004641|64|
|32768|35728|48|96|35664|0.002868|0.075863|0.004399|64|
|65536|35728|48|96|35664|0.002992|0.078887|0.004208|64|
|131072|35728|48|96|35664|0.002796|0.075353|0.004037|64|
|262144|35728|48|96|35664|0.003173|0.075874|0.004518|64|
|524288|35728|48|96|35664|0.003064|0.077870|0.004489|64|
|1048576|35728|48|96|35664|0.003210|0.077216|0.004838|64|
|2097152|35728|48|96|35664|0.003183|0.084169|0.004577|64|
|4194304|35728|48|96|35664|0.003603|0.078984|0.004379|64|
|8388608|35728|48|96|35664|0.003061|0.076069|0.004357|64|
|16777216|35728|48|96|35664|0.003000|0.076708|0.004520|64|
