|32|49888|64|128|49856|0.004248|0.077346|0.002868|32|
|64|49888|64|128|49856|0.003991|0.076491|0.002749|32|
|128|49888|64|128|49856|0.004000|0.075129|0.002549|32|
|256|49888|64|128|49856|0.004346|0.078823|0.002924|32|
|512|49888|64|128|49856|0.004012|0.077322|0.002743|32|
|1024|49888|64|128|49856|0.004098|0.078971|0.002523|32|
|2048|49888|64|128|49856|0.004122|0.079899|0.003167|32|
|4096|49888|64|128|49856|0.003913|0.079945|0.002704|32|
|8192|49888|64|128|49856|0.003876|0.078464|0.002830|32|
|16384|49888|64|128|49856|0.003764|0.079097|0.002651|32|
|32768|49888|64|128|49856|0.004280|0.076935|0.002745|32|
|65536|49888|64|128|49856|0.003922|0.074216|0.002592|32|
|131072|49888|64|128|49856|0.004150|0.076049|0.002706|32|
|262144|49888|64|128|49856|0.004045|0.076080|0.002695|32|
|524288|49888|64|128|49856|0.003625|0.073907|0.002736|32|
|1048576|49888|64|128|49856|0.003847|0.074168|0.002518|32|
|2097152|49888|64|128|49856|0.003885|0.073320|0.002556|32|
|4194304|49888|64|128|49856|0.003833|0.074575|0.002486|32|
|8388608|49888|64|128|49856|0.004105|0.072672|0.002614|32|
|16777216|49888|64|128|49856|0.004035|0.074655|0.002824|32|
