|64|17152|32|64|17088|0.003511|0.080013|0.005115|64|
|128|17216|32|64|17088|0.003484|0.079931|0.005082|128|
|256|17344|32|64|17088|0.003538|0.081282|0.005083|256|
|512|17600|32|64|17088|0.003546|0.080950|0.005111|512|
|1024|18112|32|64|17088|0.003638|0.083176|0.005133|1024|
|2048|19136|32|64|17088|0.003649|0.081689|0.005359|2048|
|4096|21184|32|64|17088|0.003465|0.081910|0.005103|4096|
|8192|25280|32|64|17088|0.003383|0.079570|0.004994|8192|
|16384|33472|32|64|17088|0.003306|0.076932|0.004915|16384|
|32768|49856|32|64|17088|0.003190|0.075298|0.004909|32768|
|65536|82624|32|64|17088|0.003262|0.076459|0.005136|65536|
|131072|148160|32|64|17088|0.003264|0.078950|0.005541|131072|
|262144|279232|32|64|17088|0.003436|0.080596|0.006312|262144|
|524288|541376|32|64|17088|0.003557|0.083820|0.007907|524288|
|1048576|1065664|32|64|17088|0.003452|0.090183|0.011060|1048576|
|2097152|2114240|32|64|17088|0.003468|0.101372|0.016729|2097152|
|4194304|4211392|32|64|17088|0.003398|0.125225|0.028267|4194304|
|8388608|8405696|32|64|17088|0.003416|0.167335|0.050263|8388608|
|16777216|16794304|32|64|17088|0.003384|0.251504|0.093469|16777216|
