|32|17120|32|64|17088|0.002004|0.047795|0.003175|32|
|64|17120|32|64|17088|0.001981|0.048332|0.003029|32|
|128|17120|32|64|17088|0.001903|0.045982|0.002768|32|
|256|17120|32|64|17088|0.001904|0.043531|0.002777|32|
|512|17120|32|64|17088|0.001858|0.045133|0.002752|32|
|1024|17120|32|64|17088|0.002128|0.047454|0.003319|32|
|2048|17120|32|64|17088|0.002003|0.048817|0.002824|32|
|4096|17120|32|64|17088|0.002238|0.047132|0.002828|32|
|8192|17120|32|64|17088|0.001843|0.045956|0.002868|32|
|16384|17120|32|64|17088|0.002162|0.047046|0.003103|32|
|32768|17120|32|64|17088|0.001982|0.046925|0.002915|32|
|65536|17120|32|64|17088|0.002073|0.049727|0.002891|32|
|131072|17120|32|64|17088|0.002151|0.046299|0.002991|32|
|262144|17120|32|64|17088|0.001852|0.046646|0.002766|32|
|524288|17120|32|64|17088|0.001856|0.047429|0.002834|32|
|1048576|17120|32|64|17088|0.001944|0.045462|0.002755|32|
|2097152|17120|32|64|17088|0.001982|0.046257|0.002937|32|
|4194304|17120|32|64|17088|0.002150|0.047846|0.002950|32|
|8388608|17120|32|64|17088|0.002154|0.047562|0.002943|32|
|16777216|17120|32|64|17088|0.001862|0.044470|0.002814|32|
