|64|17152|32|64|17088|0.001927|0.044382|0.002786|64|
|128|17152|32|64|17088|0.001985|0.044863|0.002658|64|
|256|17152|32|64|17088|0.002006|0.044287|0.002757|64|
|512|17152|32|64|17088|0.001889|0.044347|0.002672|64|
|1024|17152|32|64|17088|0.002098|0.044669|0.002961|64|
|2048|17152|32|64|17088|0.001823|0.044365|0.002905|64|
|4096|17152|32|64|17088|0.001960|0.044833|0.003052|64|
|8192|17152|32|64|17088|0.001870|0.046075|0.002783|64|
|16384|17152|32|64|17088|0.001831|0.045182|0.002720|64|
|32768|17152|32|64|17088|0.001870|0.045785|0.002754|64|
|65536|17152|32|64|17088|0.001926|0.045424|0.002858|64|
|131072|17152|32|64|17088|0.001914|0.046184|0.002700|64|
|262144|17152|32|64|17088|0.001984|0.045062|0.002676|64|
|524288|17152|32|64|17088|0.002026|0.045556|0.003163|64|
|1048576|17152|32|64|17088|0.001969|0.045384|0.002778|64|
|2097152|17152|32|64|17088|0.001915|0.045969|0.002946|64|
|4194304|17152|32|64|17088|0.001845|0.045294|0.002774|64|
|8388608|17152|32|64|17088|0.001891|0.044681|0.002686|64|
|16777216|17152|32|64|17088|0.001833|0.045752|0.002703|64|
