|64|17152|32|64|17088|0.000408|0.009941|0.000887|64|
|128|17216|32|64|17088|0.000430|0.010186|0.000981|128|
|256|17344|32|64|17088|0.000453|0.010354|0.000928|256|
|512|17600|32|64|17088|0.000446|0.009984|0.000865|512|
|1024|18112|32|64|17088|0.000465|0.010474|0.000990|1024|
|2048|19136|32|64|17088|0.000410|0.010184|0.000990|2048|
|4096|21184|32|64|17088|0.000488|0.010131|0.000878|4096|
|8192|25280|32|64|17088|0.000428|0.010521|0.000931|8192|
|16384|33472|32|64|17088|0.000441|0.010066|0.000999|16384|
|32768|49856|32|64|17088|0.000428|0.010151|0.001068|32768|
|65536|82624|32|64|17088|0.000405|0.010318|0.001079|65536|
|131072|148160|32|64|17088|0.000413|0.010714|0.001222|131072|
|262144|279232|32|64|17088|0.000450|0.011505|0.001829|262144|
|524288|541376|32|64|17088|0.000421|0.012736|0.002359|524288|
|1048576|1065664|32|64|17088|0.000411|0.015850|0.003840|1048576|
|2097152|2114240|32|64|17088|0.000451|0.020576|0.006361|2097152|
|4194304|4211392|32|64|17088|0.000453|0.031879|0.011815|4194304|
|8388608|8405696|32|64|17088|0.000464|0.053532|0.023184|8388608|
|16777216|16794304|32|64|17088|0.000471|0.096830|0.046542|16777216|
