|64|49920|64|128|49856|0.003669|0.073416|0.002450|64|
|128|49984|64|128|49856|0.003689|0.073324|0.002498|128|
|256|50112|64|128|49856|0.003904|0.073390|0.002561|256|
|512|50368|64|128|49856|0.003659|0.074137|0.002613|512|
|1024|50880|64|128|49856|0.003743|0.077471|0.002602|1024|
|2048|51904|64|128|49856|0.004031|0.078832|0.002546|2048|
|4096|53952|64|128|49856|0.003770|0.075767|0.002778|4096|
|8192|58048|64|128|49856|0.003729|0.079045|0.002695|8192|
|16384|66240|64|128|49856|0.004529|0.079931|0.002622|16384|
|32768|82624|64|128|49856|0.004123|0.079371|0.003004|32768|
|65536|115392|64|128|49856|0.004051|0.080205|0.002982|65536|
|131072|180928|64|128|49856|0.003877|0.077286|0.002754|131072|
|262144|312000|64|128|49856|0.003906|0.079270|0.003375|262144|
|524288|574144|64|128|49856|0.003863|0.081931|0.003915|524288|
|1048576|1098432|64|128|49856|0.003837|0.082473|0.004998|1048576|
|2097152|2147008|64|128|49856|0.004043|0.085811|0.007393|2097152|
|4194304|4244160|64|128|49856|0.003887|0.089819|0.010947|4194304|
|8388608|8438464|64|128|49856|0.003983|0.103701|0.018445|8388608|
|16777216|16827072|64|128|49856|0.004304|0.136487|0.035068|16777216|
