|64|17152|32|64|17088|0.000460|0.010269|0.000895|64|
|128|17152|32|64|17088|0.000426|0.010324|0.000916|64|
|256|17152|32|64|17088|0.000431|0.010000|0.000852|64|
|512|17152|32|64|17088|0.000408|0.010227|0.000861|64|
|1024|17152|32|64|17088|0.000417|0.009947|0.000903|64|
|2048|17152|32|64|17088|0.000421|0.010181|0.000855|64|
|4096|17152|32|64|17088|0.000418|0.010493|0.000977|64|
|8192|17152|32|64|17088|0.000406|0.010387|0.000926|64|
|16384|17152|32|64|17088|0.000458|0.010204|0.000889|64|
|32768|17152|32|64|17088|0.000522|0.010715|0.000993|64|
|65536|17152|32|64|17088|0.000432|0.011048|0.001016|64|
|131072|17152|32|64|17088|0.000449|0.011075|0.000940|64|
|262144|17152|32|64|17088|0.000622|0.010982|0.001051|64|
|524288|17152|32|64|17088|0.000479|0.011457|0.001019|64|
|1048576|17152|32|64|17088|0.000455|0.011366|0.000989|64|
|2097152|17152|32|64|17088|0.000427|0.010300|0.000944|64|
|4194304|17152|32|64|17088|0.000472|0.010631|0.000889|64|
|8388608|17152|32|64|17088|0.000499|0.010921|0.000882|64|
|16777216|17152|32|64|17088|0.000554|0.010838|0.001013|64|
