|32|49888|64|128|49856|0.011317|0.207379|0.006307|32|
|64|49888|64|128|49856|0.010017|0.202977|0.005955|32|
|128|49888|64|128|49856|0.010856|0.209307|0.006243|32|
|256|49888|64|128|49856|0.010714|0.207205|0.005889|32|
|512|49888|64|128|49856|0.010564|0.210968|0.006067|32|
|1024|49888|64|128|49856|0.010422|0.208673|0.006453|32|
|2048|49888|64|128|49856|0.010503|0.207194|0.005820|32|
|4096|49888|64|128|49856|0.009796|0.199793|0.005825|32|
|8192|49888|64|128|49856|0.010650|0.210496|0.005762|32|
|16384|49888|64|128|49856|0.010599|0.207882|0.005857|32|
|32768|49888|64|128|49856|0.010762|0.214847|0.006776|32|
|65536|49888|64|128|49856|0.010181|0.204146|0.005954|32|
|131072|49888|64|128|49856|0.009864|0.200611|0.005537|32|
|262144|49888|64|128|49856|0.010021|0.195395|0.005636|32|
|524288|49888|64|128|49856|0.010878|0.200393|0.005579|32|
|1048576|49888|64|128|49856|0.010888|0.198411|0.005630|32|
|2097152|49888|64|128|49856|0.010029|0.198295|0.005694|32|
|4194304|49888|64|128|49856|0.009991|0.198312|0.005886|32|
|8388608|49888|64|128|49856|0.010298|0.195397|0.005407|32|
|16777216|49888|64|128|49856|0.009971|0.199811|0.005788|32|
