|32|49920|64|128|49856|0.004085|0.077384|0.002734|64|
|64|49920|64|128|49856|0.003896|0.073591|0.002708|64|
|128|49920|64|128|49856|0.003916|0.075489|0.002758|64|
|256|49920|64|128|49856|0.003730|0.074977|0.002598|64|
|512|49920|64|128|49856|0.003870|0.075482|0.002740|64|
|1024|49920|64|128|49856|0.003988|0.073369|0.002714|64|
|2048|49920|64|128|49856|0.003825|0.075202|0.002616|64|
|4096|49920|64|128|49856|0.004066|0.076425|0.002881|64|
|8192|49920|64|128|49856|0.004101|0.077710|0.002691|64|
|16384|49920|64|128|49856|0.004137|0.072882|0.002698|64|
|32768|49920|64|128|49856|0.003904|0.077769|0.002725|64|
|65536|49920|64|128|49856|0.003999|0.076133|0.002580|64|
|131072|49920|64|128|49856|0.003985|0.077169|0.002666|64|
|262144|49920|64|128|49856|0.003803|0.071923|0.002425|64|
|524288|49920|64|128|49856|0.003817|0.076481|0.002629|64|
|1048576|49920|64|128|49856|0.004035|0.077532|0.002894|64|
|2097152|49920|64|128|49856|0.003890|0.073855|0.002664|64|
|4194304|49920|64|128|49856|0.003669|0.072658|0.002732|64|
|8388608|49920|64|128|49856|0.003662|0.071953|0.002504|64|
|16777216|49920|64|128|49856|0.003866|0.073919|0.002699|64|
