|64|35696|48|96|35664|0.003651|0.083542|0.004334|32|
|128|35696|48|96|35664|0.003042|0.082745|0.004530|32|
|256|35696|48|96|35664|0.002781|0.072289|0.003983|32|
|512|35696|48|96|35664|0.002998|0.077592|0.004708|32|
|1024|35696|48|96|35664|0.002810|0.073620|0.004067|32|
|2048|35696|48|96|35664|0.002897|0.073270|0.004296|32|
|4096|35696|48|96|35664|0.002677|0.071879|0.004079|32|
|8192|35696|48|96|35664|0.003006|0.077841|0.004567|32|
|16384|35696|48|96|35664|0.002796|0.071517|0.004235|32|
|32768|35696|48|96|35664|0.002858|0.073567|0.004409|32|
|65536|35696|48|96|35664|0.002912|0.075885|0.004397|32|
|131072|35696|48|96|35664|0.003013|0.076210|0.004411|32|
|262144|35696|48|96|35664|0.002842|0.074348|0.004247|32|
|524288|35696|48|96|35664|0.002725|0.074942|0.004360|32|
|1048576|35696|48|96|35664|0.002807|0.074157|0.004159|32|
|2097152|35696|48|96|35664|0.002770|0.074242|0.004166|32|
|4194304|35696|48|96|35664|0.002778|0.073682|0.004245|32|
|8388608|35696|48|96|35664|0.002734|0.073715|0.004323|32|
|16777216|35696|48|96|35664|0.002760|0.073653|0.004290|32|
