|32|35696|48|96|35664|0.000629|0.017316|0.001194|32|
|64|35696|48|96|35664|0.000603|0.017281|0.001307|32|
|128|35696|48|96|35664|0.000646|0.017065|0.001218|32|
|256|35696|48|96|35664|0.000746|0.016786|0.001246|32|
|512|35696|48|96|35664|0.000628|0.017581|0.001411|32|
|1024|35696|48|96|35664|0.000697|0.016823|0.001388|32|
|2048|35696|48|96|35664|0.000673|0.016612|0.001133|32|
|4096|35696|48|96|35664|0.000592|0.016874|0.001195|32|
|8192|35696|48|96|35664|0.000652|0.017110|0.001413|32|
|16384|35696|48|96|35664|0.000736|0.017106|0.001395|32|
|32768|35696|48|96|35664|0.000616|0.016727|0.001312|32|
|65536|35696|48|96|35664|0.000743|0.018063|0.001440|32|
|131072|35696|48|96|35664|0.000710|0.017536|0.001238|32|
|262144|35696|48|96|35664|0.000636|0.017268|0.001205|32|
|524288|35696|48|96|35664|0.000618|0.017751|0.001261|32|
|1048576|35696|48|96|35664|0.000593|0.017512|0.001250|32|
|2097152|35696|48|96|35664|0.000609|0.017551|0.001270|32|
|4194304|35696|48|96|35664|0.000607|0.017310|0.001245|32|
|8388608|35696|48|96|35664|0.000613|0.016713|0.001196|32|
|16777216|35696|48|96|35664|0.000624|0.017935|0.001319|32|
