|32|17120|32|64|17088|0.000454|0.009976|0.000967|32|
|64|17120|32|64|17088|0.000422|0.010274|0.000976|32|
|128|17120|32|64|17088|0.000409|0.010227|0.000864|32|
|256|17120|32|64|17088|0.000412|0.009845|0.000856|32|
|512|17120|32|64|17088|0.000409|0.009975|0.000966|32|
|1024|17120|32|64|17088|0.000424|0.009823|0.000891|32|
|2048|17120|32|64|17088|0.000401|0.010284|0.000894|32|
|4096|17120|32|64|17088|0.000435|0.010436|0.000931|32|
|8192|17120|32|64|17088|0.000429|0.010377|0.000910|32|
|16384|17120|32|64|17088|0.000456|0.010206|0.001037|32|
|32768|17120|32|64|17088|0.000444|0.010164|0.000914|32|
|65536|17120|32|64|17088|0.000403|0.010015|0.000861|32|
|131072|17120|32|64|17088|0.000476|0.010129|0.000893|32|
|262144|17120|32|64|17088|0.000515|0.010528|0.000897|32|
|524288|17120|32|64|17088|0.000397|0.010195|0.000892|32|
|1048576|17120|32|64|17088|0.000397|0.010421|0.000849|32|
|2097152|17120|32|64|17088|0.000416|0.010046|0.000895|32|
|4194304|17120|32|64|17088|0.000414|0.010481|0.000881|32|
|8388608|17120|32|64|17088|0.000408|0.010196|0.000882|32|
|16777216|17120|32|64|17088|0.000424|0.010105|0.000893|32|
