|64|35728|48|96|35664|0.000644|0.018768|0.001502|64|
|128|35792|48|96|35664|0.000633|0.018775|0.001263|128|
|256|35920|48|96|35664|0.000793|0.018845|0.001389|256|
|512|36176|48|96|35664|0.000659|0.018647|0.001290|512|
|1024|36688|48|96|35664|0.000660|0.017701|0.001256|1024|
|2048|37712|48|96|35664|0.000723|0.018723|0.001370|2048|
|4096|39760|48|96|35664|0.000733|0.017952|0.001346|4096|
|8192|43856|48|96|35664|0.000625|0.017453|0.001328|8192|
|16384|52048|48|96|35664|0.000577|0.017722|0.001298|16384|
|32768|68432|48|96|35664|0.000690|0.017673|0.001365|32768|
|65536|101200|48|96|35664|0.000708|0.018084|0.001342|65536|
|131072|166736|48|96|35664|0.000650|0.018082|0.001665|131072|
|262144|297808|48|96|35664|0.000597|0.019480|0.001778|262144|
|524288|559952|48|96|35664|0.000641|0.020033|0.002315|524288|
|1048576|1084240|48|96|35664|0.000712|0.022009|0.003383|1048576|
|2097152|2132816|48|96|35664|0.000694|0.025413|0.005877|2097152|
|4194304|4229968|48|96|35664|0.000740|0.033442|0.009724|4194304|
|8388608|8424272|48|96|35664|0.000772|0.047887|0.017268|8388608|
|16777216|16812880|48|96|35664|0.000748|0.082000|0.034640|16777216|
