|64|4659|2592|4864|4595|0.000414|414|0.000565|565|0.000372|372|0.000393|393|
|76|4671|2592|4864|4595|0.000802|802|0.001369|1369|0.000562|562|0.000641|641|
|91|4686|2592|4864|4595|0.000631|631|0.001012|1012|0.000504|504|0.000419|419|
|109|4704|2592|4864|4595|0.000415|415|0.000596|596|0.000386|386|0.000438|438|
|130|4725|2592|4864|4595|0.000467|467|0.000715|715|0.000388|388|0.000381|381|
|156|4751|2592|4864|4595|0.000379|379|0.000461|461|0.000369|369|0.000413|413|
|187|4782|2592|4864|4595|0.000378|378|0.000464|464|0.000393|393|0.000506|506|
|224|4819|2592|4864|4595|0.000654|654|0.001050|1050|0.000359|359|0.000401|401|
|268|4863|2592|4864|4595|0.000483|483|0.000621|621|0.000522|522|0.000445|445|
|321|4916|2592|4864|4595|0.000437|437|0.002798|2798|0.000375|375|0.000366|366|
|385|4980|2592|4864|4595|0.000377|377|0.000651|651|0.000367|367|0.000370|370|
|462|5057|2592|4864|4595|0.000393|393|0.001744|1744|0.000625|625|0.000375|375|
|554|5149|2592|4864|4595|0.000382|382|0.002794|2794|0.000499|499|0.000454|454|
|664|5259|2592|4864|4595|0.000686|686|0.000633|633|0.000371|371|0.000480|480|
|796|5391|2592|4864|4595|0.000383|383|0.001556|1556|0.000372|372|0.000373|373|
|955|5550|2592|4864|4595|0.000378|378|0.000767|767|0.000371|371|0.000369|369|
|1146|5741|2592|4864|4595|0.000379|379|0.000753|753|0.000375|375|0.000369|369|
|1375|5970|2592|4864|4595|0.000379|379|0.000658|658|0.000372|372|0.000405|405|
|1650|6245|2592|4864|4595|0.000379|379|0.000572|572|0.000369|369|0.000369|369|
|1980|6575|2592|4864|4595|0.000385|385|0.001488|1488|0.001619|1619|0.000687|687|
|2376|6971|2592|4864|4595|0.000378|378|0.000928|928|0.000373|373|0.000372|372|
|2851|7446|2592|4864|4595|0.000378|378|0.000489|489|0.000407|407|0.000367|367|
|3421|8016|2592|4864|4595|0.000434|434|0.001187|1187|0.000373|373|0.000375|375|
|4105|8700|2592|4864|4595|0.000380|380|0.000872|872|0.000379|379|0.000410|410|
|4926|9521|2592|4864|4595|0.000390|390|0.000786|786|0.000379|379|0.000370|370|
|5911|10506|2592|4864|4595|0.000377|377|0.002056|2056|0.000385|385|0.000386|386|
|7093|11688|2592|4864|4595|0.000643|643|0.001156|1156|0.000491|491|0.000758|758|
|8511|13106|2592|4864|4595|0.000384|384|0.000686|686|0.000393|393|0.000426|426|
|10213|14808|2592|4864|4595|0.000376|376|0.000778|778|0.000393|393|0.000387|387|
|12255|16850|2592|4864|4595|0.000380|380|0.000694|694|0.000413|413|0.000400|400|
|14706|19301|2592|4864|4595|0.000388|388|0.000635|635|0.000412|412|0.000445|445|
|17647|22242|2592|4864|4595|0.000389|389|0.000892|892|0.000482|482|0.000415|415|
|21176|25771|2592|4864|4595|0.000380|380|0.000519|519|0.000421|421|0.000466|466|
|25411|30006|2592|4864|4595|0.000383|383|0.001048|1048|0.000488|488|0.000530|530|
|30493|35088|2592|4864|4595|0.000382|382|0.000844|844|0.000467|467|0.000452|452|
|36591|41186|2592|4864|4595|0.001660|1660|0.000834|834|0.000499|499|0.000536|536|
|43909|48504|2592|4864|4595|0.000382|382|0.000779|779|0.000484|484|0.000483|483|
|52690|57285|2592|4864|4595|0.000381|381|0.000907|907|0.000513|513|0.000504|504|
|63228|67823|2592|4864|4595|0.000382|382|0.001040|1040|0.000541|541|0.000548|548|
|75873|80468|2592|4864|4595|0.000378|378|0.000682|682|0.000574|574|0.000565|565|
|91047|95642|2592|4864|4595|0.000379|379|0.000755|755|0.000662|662|0.000599|599|
|109256|113851|2592|4864|4595|0.000379|379|0.001149|1149|0.000785|785|0.000770|770|
|131107|135702|2592|4864|4595|0.000421|421|0.001173|1173|0.000709|709|0.000708|708|
|157328|161923|2592|4864|4595|0.000380|380|0.001086|1086|0.000807|807|0.000812|812|
|188793|193388|2592|4864|4595|0.000446|446|0.001327|1327|0.000881|881|0.000981|981|
|226551|231146|2592|4864|4595|0.000421|421|0.001125|1125|0.000990|990|0.001008|1008|
|271861|276456|2592|4864|4595|0.000397|397|0.002082|2082|0.001123|1123|0.001096|1096|
|326233|330828|2592|4864|4595|0.000389|389|0.001605|1605|0.001354|1354|0.001212|1212|
|391479|396074|2592|4864|4595|0.000539|539|0.002050|2050|0.001399|1399|0.001365|1365|
|469774|474369|2592|4864|4595|0.000383|383|0.002538|2538|0.001612|1612|0.001738|1738|
|563728|568323|2592|4864|4595|0.000379|379|0.002426|2426|0.002863|2863|0.001881|1881|
|676473|681068|2592|4864|4595|0.000458|458|0.002505|2505|0.002476|2476|0.002184|2184|
|811767|816362|2592|4864|4595|0.000383|383|0.003000|3000|0.002555|2555|0.002467|2467|
|974120|978715|2592|4864|4595|0.000383|383|0.003375|3375|0.004105|4105|0.004374|4374|
|1168944|1173539|2592|4864|4595|0.000392|392|0.003787|3787|0.005960|5960|0.003816|3816|
|1402732|1407327|2592|4864|4595|0.000401|401|0.004321|4321|0.004307|4307|0.004152|4152|
|1683278|1687873|2592|4864|4595|0.000383|383|0.005321|5321|0.004891|4891|0.007929|7929|
|2019933|2024528|2592|4864|4595|0.000393|393|0.006570|6570|0.005959|5959|0.005754|5754|
|2423919|2428514|2592|4864|4595|0.000384|384|0.012748|12748|0.009065|9065|0.009951|9951|
|2908702|2913297|2592|4864|4595|0.000395|395|0.008818|8818|0.009886|9886|0.011056|11056|
|3490442|3495037|2592|4864|4595|0.000709|709|0.013409|13409|0.012427|12427|0.012713|12713|
|4188530|4193125|2592|4864|4595|0.000394|394|0.015008|15008|0.016425|16425|0.012938|12938|
|5026236|5030831|2592|4864|4595|0.000388|388|0.015156|15156|0.015501|15501|0.014265|14265|
|6031483|6036078|2592|4864|4595|0.000415|415|0.021912|21912|0.018195|18195|0.019069|19069|
|7237779|7242374|2592|4864|4595|0.000385|385|0.023780|23780|0.029024|29024|0.021277|21277|
|8685334|8689929|2592|4864|4595|0.000404|404|0.033404|33404|0.030353|30353|0.035706|35706|
|10422400|10426995|2592|4864|4595|0.000551|551|0.033391|33391|0.036402|36402|0.027785|27785|
|12506880|12511475|2592|4864|4595|0.000424|424|0.046296|46296|0.038237|38237|0.034711|34711|
|15008256|15012851|2592|4864|4595|0.000392|392|0.059096|59096|0.046147|46147|0.046216|46216|
|18009907|18014502|2592|4864|4595|0.000386|386|0.057200|57200|0.051206|51206|0.059229|59229|
|21611888|21616483|2592|4864|4595|0.000397|397|0.069378|69378|0.065448|65448|0.077671|77671|
|25934265|25938860|2592|4864|4595|0.000388|388|0.078906|78906|0.088242|88242|0.078550|78550|
|31121118|31125713|2592|4864|4595|0.000386|386|0.097056|97056|0.100855|100855|0.091407|91407|
|37345341|37349936|2592|4864|4595|0.000399|399|0.131773|131773|0.119863|119863|0.123291|123291|
|44814409|44819004|2592|4864|4595|0.000417|417|0.155038|155038|0.147806|147806|0.153239|153239|
|53777290|53781885|2592|4864|4595|0.000393|393|0.182046|182046|0.190045|190045|0.174321|174321|
|64532748|64537343|2592|4864|4595|0.000395|395|0.203787|203787|0.211132|211132|0.198368|198368|
|77439297|77443892|2592|4864|4595|0.000389|389|0.251173|251173|0.250284|250284|0.241842|241842|
|92927156|92931751|2592|4864|4595|0.000402|402|0.323944|323944|0.296235|296235|0.274469|274469|
|111512587|111517182|2592|4864|4595|0.000420|420|0.360336|360336|0.350434|350434|0.347811|347811|
|133815104|133819699|2592|4864|4595|0.000390|390|0.446165|446165|0.432985|432985|0.422726|422726|
