|64|2484|1312|2528|2420|0.000075|75|0.000194|194|0.000059|59|0.000059|59|
|76|2496|1312|2528|2420|0.000056|56|0.000955|955|0.000059|59|0.000058|58|
|91|2511|1312|2528|2420|0.000060|60|0.000100|100|0.000057|57|0.000057|57|
|109|2529|1312|2528|2420|0.000055|55|0.000150|150|0.000062|62|0.000058|58|
|130|2550|1312|2528|2420|0.000053|53|0.000620|620|0.000059|59|0.000001|1|
|156|2576|1312|2528|2420|0.000055|55|0.000253|253|0.000058|58|0.000058|58|
|187|2607|1312|2528|2420|0.000055|55|0.000330|330|0.000059|59|0.000058|58|
|224|2644|1312|2528|2420|0.000054|54|0.000145|145|0.000058|58|0.000001|1|
|268|2688|1312|2528|2420|0.000053|53|0.000170|170|0.000058|58|0.000058|58|
|321|2741|1312|2528|2420|0.000055|55|0.000108|108|0.000059|59|0.000058|58|
|385|2805|1312|2528|2420|0.000054|54|0.000190|190|0.000059|59|0.000059|59|
|462|2882|1312|2528|2420|0.000055|55|0.000135|135|0.000057|57|0.000058|58|
|554|2974|1312|2528|2420|0.000054|54|0.000262|262|0.000057|57|0.000059|59|
|664|3084|1312|2528|2420|0.000054|54|0.000102|102|0.000076|76|0.000059|59|
|796|3216|1312|2528|2420|0.000054|54|0.000183|183|0.000059|59|0.000059|59|
|955|3375|1312|2528|2420|0.000053|53|0.000250|250|0.000059|59|0.000060|60|
|1146|3566|1312|2528|2420|0.000054|54|0.000154|154|0.000312|312|0.000062|62|
|1375|3795|1312|2528|2420|0.000055|55|0.000104|104|0.000061|61|0.000060|60|
|1650|4070|1312|2528|2420|0.000054|54|0.000969|969|0.000065|65|0.000064|64|
|1980|4400|1312|2528|2420|0.000105|105|0.001929|1929|0.000092|92|0.000091|91|
|2376|4796|1312|2528|2420|0.000083|83|0.000391|391|0.000093|93|0.002588|2588|
|2851|5271|1312|2528|2420|0.000057|57|0.000506|506|0.000078|78|0.000079|79|
|3421|5841|1312|2528|2420|0.000067|67|0.000178|178|0.000076|76|0.000002|2|
|4105|6525|1312|2528|2420|0.000076|76|0.000919|919|0.000076|76|0.000071|71|
|4926|7346|1312|2528|2420|0.000056|56|0.000186|186|0.000073|73|0.000068|68|
|5911|8331|1312|2528|2420|0.000054|54|0.000206|206|0.000077|77|0.000073|73|
|7093|9513|1312|2528|2420|0.000055|55|0.000120|120|0.000074|74|0.000072|72|
|8511|10931|1312|2528|2420|0.000055|55|0.000663|663|0.000079|79|0.000076|76|
|10213|12633|1312|2528|2420|0.000055|55|0.000431|431|0.000089|89|0.000086|86|
|12255|14675|1312|2528|2420|0.000054|54|0.000561|561|0.000090|90|0.000093|93|
|14706|17126|1312|2528|2420|0.000056|56|0.000644|644|0.000100|100|0.000093|93|
|17647|20067|1312|2528|2420|0.000059|59|0.000235|235|0.000101|101|0.000099|99|
|21176|23596|1312|2528|2420|0.000051|51|0.000151|151|0.000111|111|0.000106|106|
|25411|27831|1312|2528|2420|0.000054|54|0.000223|223|0.000121|121|0.000116|116|
|30493|32913|1312|2528|2420|0.000054|54|0.000231|231|0.000140|140|0.000139|139|
|36591|39011|1312|2528|2420|0.000056|56|0.000202|202|0.000151|151|0.000161|161|
|43909|46329|1312|2528|2420|0.000054|54|0.000224|224|0.002366|2366|0.000173|173|
|52690|55110|1312|2528|2420|0.000062|62|0.001726|1726|0.000544|544|0.000201|201|
|63228|65648|1312|2528|2420|0.000054|54|0.000576|576|0.000235|235|0.000213|213|
|75873|78293|1312|2528|2420|0.000137|137|0.000492|492|0.000307|307|0.000381|381|
|91047|93467|1312|2528|2420|0.000057|57|0.000436|436|0.000324|324|0.000305|305|
|109256|111676|1312|2528|2420|0.000061|61|0.000460|460|0.000362|362|0.000325|325|
|131107|133527|1312|2528|2420|0.000056|56|0.000598|598|0.000431|431|0.000398|398|
|157328|159748|1312|2528|2420|0.000055|55|0.000578|578|0.000499|499|0.000463|463|
|188793|191213|1312|2528|2420|0.000056|56|0.000814|814|0.002991|2991|0.000569|569|
|226551|228971|1312|2528|2420|0.000055|55|0.004618|4618|0.000704|704|0.000644|644|
|271861|274281|1312|2528|2420|0.000056|56|0.000908|908|0.000812|812|0.000702|702|
|326233|328653|1312|2528|2420|0.000069|69|0.001397|1397|0.000984|984|0.000934|934|
|391479|393899|1312|2528|2420|0.000057|57|0.001287|1287|0.001787|1787|0.001070|1070|
|469774|472194|1312|2528|2420|0.000054|54|0.001422|1422|0.001359|1359|0.001349|1349|
|563728|566148|1312|2528|2420|0.000056|56|0.011834|11834|0.001722|1722|0.001622|1622|
|676473|678893|1312|2528|2420|0.000058|58|0.013080|13080|0.001946|1946|0.002638|2638|
|811767|814187|1312|2528|2420|0.000142|142|0.003119|3119|0.002447|2447|0.002182|2182|
|974120|976540|1312|2528|2420|0.000056|56|0.003137|3137|0.002617|2617|0.002679|2679|
|1168944|1171364|1312|2528|2420|0.000067|67|0.003651|3651|0.003338|3338|0.003120|3120|
|1402732|1405152|1312|2528|2420|0.000056|56|0.003914|3914|0.007233|7233|0.006138|6138|
|1683278|1685698|1312|2528|2420|0.000056|56|0.007655|7655|0.009475|9475|0.005029|5029|
|2019933|2022353|1312|2528|2420|0.000061|61|0.006612|6612|0.006163|6163|0.005479|5479|
|2423919|2426339|1312|2528|2420|0.000060|60|0.007015|7015|0.007591|7591|0.007250|7250|
|2908702|2911122|1312|2528|2420|0.000059|59|0.008441|8441|0.009382|9382|0.007823|7823|
|3490442|3492862|1312|2528|2420|0.000087|87|0.013596|13596|0.010150|10150|0.012388|12388|
|4188530|4190950|1312|2528|2420|0.000060|60|0.012564|12564|0.019356|19356|0.011415|11415|
|5026236|5028656|1312|2528|2420|0.000064|64|0.017626|17626|0.016276|16276|0.024282|24282|
|6031483|6033903|1312|2528|2420|0.000083|83|0.018912|18912|0.019995|19995|0.020181|20181|
|7237779|7240199|1312|2528|2420|0.000071|71|0.022357|22357|0.023069|23069|0.023618|23618|
|8685334|8687754|1312|2528|2420|0.000096|96|0.028653|28653|0.038394|38394|0.027357|27357|
|10422400|10424820|1312|2528|2420|0.000115|115|0.039630|39630|0.032017|32017|0.035608|35608|
|12506880|12509300|1312|2528|2420|0.000063|63|0.043957|43957|0.041505|41505|0.048423|48423|
|15008256|15010676|1312|2528|2420|0.000061|61|0.050517|50517|0.046215|46215|0.043139|43139|
|18009907|18012327|1312|2528|2420|0.000061|61|0.054053|54053|0.052417|52417|0.050981|50981|
|21611888|21614308|1312|2528|2420|0.000063|63|0.066578|66578|0.070626|70626|0.069168|69168|
|25934265|25936685|1312|2528|2420|0.000070|70|0.080681|80681|0.081100|81100|0.075512|75512|
|31121118|31123538|1312|2528|2420|0.000063|63|0.094048|94048|0.097360|97360|0.090986|90986|
|37345341|37347761|1312|2528|2420|0.000062|62|0.114078|114078|0.116784|116784|0.114124|114124|
|44814409|44816829|1312|2528|2420|0.000062|62|0.147023|147023|0.134229|134229|0.132964|132964|
|53777290|53779710|1312|2528|2420|0.000085|85|0.169223|169223|0.170207|170207|0.159256|159256|
|64532748|64535168|1312|2528|2420|0.000061|61|0.220883|220883|0.194535|194535|0.196945|196945|
|77439297|77441717|1312|2528|2420|0.000068|68|0.242565|242565|0.251205|251205|0.233304|233304|
|92927156|92929576|1312|2528|2420|0.000062|62|0.291382|291382|0.298737|298737|0.277312|277312|
|111512587|111515007|1312|2528|2420|0.000061|61|0.366407|366407|0.365489|365489|0.337984|337984|
|133815104|133817524|1312|2528|2420|0.000118|118|0.433008|433008|0.440706|440706|0.397441|397441|
