|64|2484|1312|2528|2420|0.000123|0.000407|0.000113|64|
|128|2548|1312|2528|2420|0.000173|0.000814|0.000162|128|
|256|2676|1312|2528|2420|0.000120|0.000507|0.000131|256|
|512|2932|1312|2528|2420|0.000162|0.000724|0.000186|512|
|1024|3444|1312|2528|2420|0.000092|0.000303|0.000104|1024|
|2048|4468|1312|2528|2420|0.000173|0.000544|0.000244|2048|
|4096|6516|1312|2528|2420|0.000141|0.000621|0.000208|4096|
|8192|10612|1312|2528|2420|0.000151|0.001138|0.000298|8192|
|16384|18804|1312|2528|2420|0.000102|0.000611|0.000199|16384|
|32768|35188|1312|2528|2420|0.000121|0.000913|0.000346|32768|
|65536|67956|1312|2528|2420|0.000130|0.000869|0.000478|65536|
|131072|133492|1312|2528|2420|0.000132|0.001129|0.000974|131072|
|262144|264564|1312|2528|2420|0.000107|0.001825|0.001828|262144|
|524288|526708|1312|2528|2420|0.000112|0.003372|0.002836|524288|
|1048576|1050996|1312|2528|2420|0.000135|0.006505|0.005342|1048576|
|2097152|2099572|1312|2528|2420|0.000109|0.012596|0.011134|2097152|
|4194304|4196724|1312|2528|2420|0.000127|0.023002|0.022875|4194304|
|8388608|8391028|1312|2528|2420|0.000118|0.045557|0.044438|8388608|
|16777216|16779636|1312|2528|2420|0.000156|0.085792|0.082203|16777216|
