|64|2452|1312|2528|2420|0.000128|0.000337|0.000134|32|
|128|2452|1312|2528|2420|0.000122|0.000419|0.000119|32|
|256|2452|1312|2528|2420|0.000165|0.000508|0.000128|32|
|512|2452|1312|2528|2420|0.000082|0.000581|0.000090|32|
|1024|2452|1312|2528|2420|0.000194|0.000680|0.000283|32|
|2048|2452|1312|2528|2420|0.000117|0.000340|0.000122|32|
|4096|2452|1312|2528|2420|0.000125|0.000611|0.000143|32|
|8192|2452|1312|2528|2420|0.000136|0.000662|0.000147|32|
|16384|2452|1312|2528|2420|0.000101|0.000510|0.000105|32|
|32768|2452|1312|2528|2420|0.000129|0.000486|0.000148|32|
|65536|2452|1312|2528|2420|0.000128|0.000529|0.000115|32|
|131072|2452|1312|2528|2420|0.000187|0.000417|0.000176|32|
|262144|2452|1312|2528|2420|0.000121|0.000491|0.000126|32|
|524288|2452|1312|2528|2420|0.000102|0.000345|0.000105|32|
|1048576|2452|1312|2528|2420|0.000116|0.000355|0.000111|32|
|2097152|2452|1312|2528|2420|0.000116|0.000600|0.000134|32|
|4194304|2452|1312|2528|2420|0.000111|0.000449|0.000103|32|
|8388608|2452|1312|2528|2420|0.000127|0.000481|0.000101|32|
|16777216|2452|1312|2528|2420|0.000112|0.000299|0.000098|32|
