|64|2484|1312|2528|2420|0.000104|0.000384|0.000103|64|
|128|2484|1312|2528|2420|0.000314|0.000649|0.000179|64|
|256|2484|1312|2528|2420|0.000092|0.000304|0.000120|64|
|512|2484|1312|2528|2420|0.000176|0.000755|0.000140|64|
|1024|2484|1312|2528|2420|0.000094|0.000734|0.000128|64|
|2048|2484|1312|2528|2420|0.000162|0.000523|0.000122|64|
|4096|2484|1312|2528|2420|0.000092|0.000389|0.000108|64|
|8192|2484|1312|2528|2420|0.000083|0.000320|0.000091|64|
|16384|2484|1312|2528|2420|0.000145|0.000538|0.000141|64|
|32768|2484|1312|2528|2420|0.000120|0.000673|0.000109|64|
|65536|2484|1312|2528|2420|0.000185|0.000534|0.000129|64|
|131072|2484|1312|2528|2420|0.000113|0.000567|0.000109|64|
|262144|2484|1312|2528|2420|0.000146|0.000449|0.000141|64|
|524288|2484|1312|2528|2420|0.000102|0.000410|0.000130|64|
|1048576|2484|1312|2528|2420|0.000108|0.000588|0.000145|64|
|2097152|2484|1312|2528|2420|0.000126|0.000593|0.000123|64|
|4194304|2484|1312|2528|2420|0.000130|0.000345|0.000107|64|
|8388608|2484|1312|2528|2420|0.000124|0.000618|0.000114|64|
|16777216|2484|1312|2528|2420|0.000111|0.000469|0.000109|64|
