|32|1494|1793|2305|1462|0.046046|0.001072|0.000208|32|
|64|1526|1793|2305|1462|0.044549|0.001086|0.000212|64|
|128|1590|1793|2305|1462|0.044151|0.001074|0.000208|128|
|256|1718|1793|2305|1462|0.047108|0.001091|0.000214|256|
|512|1974|1793|2305|1462|0.046604|0.001087|0.000214|512|
|1024|2486|1793|2305|1462|0.047507|0.001093|0.000218|1024|
|2048|3510|1793|2305|1462|0.044438|0.001091|0.000221|2048|
|4096|5558|1793|2305|1462|0.046252|0.001095|0.000228|4096|
|8192|9654|1793|2305|1462|0.044085|0.001109|0.000250|8192|
|16384|17846|1793|2305|1462|0.047662|0.001141|0.000293|16384|
|32768|34230|1793|2305|1462|0.045257|0.001242|0.000382|32768|
|65536|66998|1793|2305|1462|0.047104|0.001451|0.000575|65536|
|131072|132534|1793|2305|1462|0.045961|0.001760|0.000893|131072|
|262144|263606|1793|2305|1462|0.046223|0.002466|0.001580|262144|
|524288|525750|1793|2305|1462|0.045492|0.003811|0.002943|524288|
|1048576|1050038|1793|2305|1462|0.046899|0.006574|0.005802|1048576|
|2097152|2098614|1793|2305|1462|0.045862|0.012080|0.011436|2097152|
|4194304|4195766|1793|2305|1462|0.048683|0.023060|0.022298|4194304|
|8388608|8390070|1793|2305|1462|0.048763|0.045988|0.045670|8388608|
|16777216|16778678|1793|2305|1462|0.047579|0.088645|0.087989|16777216|
