|32|2452|1312|2528|2420|0.000151|0.000193|0.000086|32|
|64|2484|1312|2528|2420|0.000081|0.000165|0.000072|64|
|128|2548|1312|2528|2420|0.000085|0.000176|0.000077|128|
|256|2676|1312|2528|2420|0.000100|0.000235|0.000093|256|
|512|2932|1312|2528|2420|0.000099|0.000215|0.000091|512|
|1024|3444|1312|2528|2420|0.000094|0.000216|0.000090|1024|
|2048|4468|1312|2528|2420|0.000118|0.000262|0.000174|2048|
|4096|6516|1312|2528|2420|0.000102|0.000232|0.000117|4096|
|8192|10612|1312|2528|2420|0.000091|0.000273|0.000127|8192|
|16384|18804|1312|2528|2420|0.000089|0.000306|0.000165|16384|
|32768|35188|1312|2528|2420|0.000098|0.000406|0.000259|32768|
|65536|67956|1312|2528|2420|0.000078|0.000569|0.000416|65536|
|131072|133492|1312|2528|2420|0.000078|0.000924|0.000758|131072|
|262144|264564|1312|2528|2420|0.000075|0.001616|0.001439|262144|
|524288|526708|1312|2528|2420|0.000083|0.002976|0.002810|524288|
|1048576|1050996|1312|2528|2420|0.000111|0.005767|0.005751|1048576|
|2097152|2099572|1312|2528|2420|0.000103|0.011395|0.011587|2097152|
|4194304|4196724|1312|2528|2420|0.000110|0.022679|0.022642|4194304|
|8388608|8391028|1312|2528|2420|0.000107|0.045478|0.045288|8388608|
|16777216|16779636|1312|2528|2420|0.000103|0.089365|0.088360|16777216|
