|32|4627|2592|4864|4595|0.000241|0.000394|0.000209|32|
|64|4659|2592|4864|4595|0.000236|0.000421|0.000212|64|
|128|4723|2592|4864|4595|0.000230|0.000406|0.000210|128|
|256|4851|2592|4864|4595|0.000227|0.000413|0.000211|256|
|512|5107|2592|4864|4595|0.000223|0.000408|0.000207|512|
|1024|5619|2592|4864|4595|0.000230|0.000421|0.000203|1024|
|2048|6643|2592|4864|4595|0.000240|0.000408|0.000217|2048|
|4096|8691|2592|4864|4595|0.000234|0.000424|0.000242|4096|
|8192|12787|2592|4864|4595|0.000224|0.000482|0.000255|8192|
|16384|20979|2592|4864|4595|0.000243|0.000513|0.000296|16384|
|32768|37363|2592|4864|4595|0.000246|0.000681|0.000428|32768|
|65536|70131|2592|4864|4595|0.000214|0.000776|0.000543|65536|
|131072|135667|2592|4864|4595|0.000200|0.001120|0.000887|131072|
|262144|266739|2592|4864|4595|0.000204|0.001833|0.001603|262144|
|524288|528883|2592|4864|4595|0.000204|0.003181|0.002960|524288|
|1048576|1053171|2592|4864|4595|0.000247|0.006052|0.005921|1048576|
|2097152|2101747|2592|4864|4595|0.000227|0.011851|0.011758|2097152|
|4194304|4198899|2592|4864|4595|0.000209|0.022775|0.022572|4194304|
|8388608|8393203|2592|4864|4595|0.000224|0.044329|0.044038|8388608|
|16777216|16781811|2592|4864|4595|0.000201|0.088009|0.088037|16777216|
