|32|3325|1952|4000|3293|0.000152|0.000308|0.000136|32|
|64|3357|1952|4000|3293|0.000142|0.000300|0.000128|64|
|128|3421|1952|4000|3293|0.000142|0.000292|0.000140|128|
|256|3549|1952|4000|3293|0.000150|0.000321|0.000135|256|
|512|3805|1952|4000|3293|0.000143|0.000320|0.000133|512|
|1024|4317|1952|4000|3293|0.000157|0.000309|0.000143|1024|
|2048|5341|1952|4000|3293|0.000139|0.000304|0.000138|2048|
|4096|7389|1952|4000|3293|0.000138|0.000337|0.000146|4096|
|8192|11485|1952|4000|3293|0.000138|0.000340|0.000176|8192|
|16384|19677|1952|4000|3293|0.000142|0.000455|0.000264|16384|
|32768|36061|1952|4000|3293|0.000162|0.000575|0.000321|32768|
|65536|68829|1952|4000|3293|0.000136|0.000708|0.000477|65536|
|131072|134365|1952|4000|3293|0.000130|0.001014|0.000809|131072|
|262144|265437|1952|4000|3293|0.000119|0.001700|0.001482|262144|
|524288|527581|1952|4000|3293|0.000128|0.003110|0.002902|524288|
|1048576|1051869|1952|4000|3293|0.000151|0.005778|0.005620|1048576|
|2097152|2100445|1952|4000|3293|0.000147|0.011456|0.011451|2097152|
|4194304|4197597|1952|4000|3293|0.000155|0.022662|0.022817|4194304|
|8388608|8391901|1952|4000|3293|0.000158|0.046165|0.045764|8388608|
|16777216|16780509|1952|4000|3293|0.000163|0.092645|0.091927|16777216|
