|32|49888|64|128|49856|0.002852|0.059349|0.002098|32|
|64|49920|64|128|49856|0.002739|0.058164|0.002048|64|
|128|49984|64|128|49856|0.002772|0.057535|0.002086|128|
|256|50112|64|128|49856|0.002745|0.058123|0.002068|256|
|512|50368|64|128|49856|0.002811|0.059958|0.002095|512|
|1024|50880|64|128|49856|0.002767|0.058061|0.002062|1024|
|2048|51904|64|128|49856|0.002770|0.058511|0.002071|2048|
|4096|53952|64|128|49856|0.002763|0.058488|0.002076|4096|
|8192|58048|64|128|49856|0.002753|0.058201|0.002074|8192|
|16384|66240|64|128|49856|0.002911|0.062923|0.002336|16384|
|32768|82624|64|128|49856|0.002783|0.058699|0.002173|32768|
|65536|115392|64|128|49856|0.002833|0.059320|0.002281|65536|
|131072|180928|64|128|49856|0.002779|0.060899|0.002581|131072|
|262144|312000|64|128|49856|0.004043|0.084015|0.004079|262144|
|524288|574144|64|128|49856|0.003023|0.063589|0.004040|524288|
|1048576|1098432|64|128|49856|0.002874|0.064835|0.005590|1048576|
|2097152|2147008|64|128|49856|0.002838|0.071461|0.009000|2097152|
|4194304|4244160|64|128|49856|0.002848|0.085732|0.016152|4194304|
|8388608|8438464|64|128|49856|0.002735|0.112670|0.030162|8388608|
|16777216|16827072|64|128|49856|0.002744|0.167593|0.058630|16777216|
