|32|35696|48|96|35664|0.001054|0.028242|0.001984|32|
|64|35728|48|96|35664|0.001072|0.028179|0.002019|64|
|128|35792|48|96|35664|0.001038|0.027845|0.001954|128|
|256|35920|48|96|35664|0.001029|0.027882|0.001972|256|
|512|36176|48|96|35664|0.001075|0.028425|0.002048|512|
|1024|36688|48|96|35664|0.001037|0.028170|0.001988|1024|
|2048|37712|48|96|35664|0.001036|0.027925|0.001991|2048|
|4096|39760|48|96|35664|0.001039|0.028034|0.001985|4096|
|8192|43856|48|96|35664|0.001034|0.027967|0.001986|8192|
|16384|52048|48|96|35664|0.001045|0.028731|0.002043|16384|
|32768|68432|48|96|35664|0.001055|0.028658|0.002121|32768|
|65536|101200|48|96|35664|0.001052|0.028693|0.002219|65536|
|131072|166736|48|96|35664|0.001048|0.029027|0.002413|131072|
|262144|297808|48|96|35664|0.001030|0.029679|0.002843|262144|
|524288|559952|48|96|35664|0.001053|0.031562|0.003838|524288|
|1048576|1084240|48|96|35664|0.001042|0.035139|0.005412|1048576|
|2097152|2132816|48|96|35664|0.001113|0.042059|0.008968|2097152|
|4194304|4229968|48|96|35664|0.001090|0.055782|0.016215|4194304|
|8388608|8424272|48|96|35664|0.001065|0.083624|0.030090|8388608|
|16777216|16812880|48|96|35664|0.001051|0.140787|0.058638|16777216|
