|32|784|897|1281|752|0.015869|0.000581|0.000116|32|
|64|816|897|1281|752|0.016752|0.000584|0.000120|64|
|128|880|897|1281|752|0.015386|0.000601|0.000120|128|
|256|1008|897|1281|752|0.014771|0.000570|0.000119|256|
|512|1264|897|1281|752|0.015716|0.000575|0.000122|512|
|1024|1776|897|1281|752|0.015356|0.000594|0.000123|1024|
|2048|2800|897|1281|752|0.015634|0.000595|0.000130|2048|
|4096|4848|897|1281|752|0.015820|0.000602|0.000138|4096|
|8192|8944|897|1281|752|0.015177|0.000617|0.000158|8192|
|16384|17136|897|1281|752|0.015147|0.000657|0.000202|16384|
|32768|33520|897|1281|752|0.015903|0.000761|0.000288|32768|
|65536|66288|897|1281|752|0.015783|0.000931|0.000471|65536|
|131072|131824|897|1281|752|0.015221|0.001277|0.000807|131072|
|262144|262896|897|1281|752|0.016092|0.001957|0.001516|262144|
|524288|525040|897|1281|752|0.015360|0.003309|0.002848|524288|
|1048576|1049328|897|1281|752|0.018510|0.006530|0.006326|1048576|
|2097152|2097904|897|1281|752|0.015552|0.011613|0.011222|2097152|
|4194304|4195056|897|1281|752|0.015130|0.022669|0.022198|4194304|
|8388608|8389360|897|1281|752|0.015044|0.044599|0.044226|8388608|
|16777216|16777968|897|1281|752|0.015582|0.088538|0.088375|16777216|
