|32|17120|32|64|17088|0.000758|0.016227|0.001328|32|
|64|17152|32|64|17088|0.000749|0.016346|0.001324|64|
|128|17216|32|64|17088|0.000739|0.016417|0.001313|128|
|256|17344|32|64|17088|0.000746|0.016200|0.001335|256|
|512|17600|32|64|17088|0.000754|0.016686|0.001494|512|
|1024|18112|32|64|17088|0.000734|0.016385|0.001341|1024|
|2048|19136|32|64|17088|0.000734|0.016382|0.001385|2048|
|4096|21184|32|64|17088|0.000725|0.016458|0.001350|4096|
|8192|25280|32|64|17088|0.000716|0.016267|0.001338|8192|
|16384|33472|32|64|17088|0.000738|0.016916|0.001347|16384|
|32768|49856|32|64|17088|0.000738|0.017077|0.001429|32768|
|65536|82624|32|64|17088|0.000730|0.016715|0.001411|65536|
|131072|148160|32|64|17088|0.000731|0.016978|0.001511|131072|
|262144|279232|32|64|17088|0.000739|0.017283|0.001700|262144|
|524288|541376|32|64|17088|0.000733|0.018110|0.002082|524288|
|1048576|1065664|32|64|17088|0.000710|0.019466|0.002874|1048576|
|2097152|2114240|32|64|17088|0.000715|0.022455|0.004325|2097152|
|4194304|4211392|32|64|17088|0.000792|0.028967|0.007485|4194304|
|8388608|8405696|32|64|17088|0.000733|0.040780|0.013708|8388608|
|16777216|16794304|32|64|17088|0.000813|0.067721|0.026773|16777216|
