|32|2452|1312|2528|2420|0.000037|0.000058|0.000027|32|
|64|2484|1312|2528|2420|0.000028|0.000065|0.000027|64|
|128|2548|1312|2528|2420|0.000026|0.000055|0.000024|128|
|256|2676|1312|2528|2420|0.000027|0.000066|0.000026|256|
|512|2932|1312|2528|2420|0.000026|0.000068|0.000025|512|
|1024|3444|1312|2528|2420|0.000026|0.000066|0.000028|1024|
|2048|4468|1312|2528|2420|0.000026|0.000067|0.000030|2048|
|4096|6516|1312|2528|2420|0.000027|0.000072|0.000035|4096|
|8192|10612|1312|2528|2420|0.000027|0.000080|0.000044|8192|
|16384|18804|1312|2528|2420|0.000034|0.000129|0.000077|16384|
|32768|35188|1312|2528|2420|0.000030|0.000156|0.000110|32768|
|65536|67956|1312|2528|2420|0.000029|0.000232|0.000177|65536|
|131072|133492|1312|2528|2420|0.000036|0.000482|0.000376|131072|
|262144|264564|1312|2528|2420|0.000040|0.000776|0.000723|262144|
|524288|526708|1312|2528|2420|0.000051|0.001448|0.001354|524288|
|1048576|1050996|1312|2528|2420|0.000047|0.002796|0.002729|1048576|
|2097152|2099572|1312|2528|2420|0.000103|0.005893|0.006791|2097152|
|4194304|4196724|1312|2528|2420|0.000056|0.013160|0.013608|4194304|
|8388608|8391028|1312|2528|2420|0.000073|0.027692|0.024554|8388608|
|16777216|16779636|1312|2528|2420|0.000064|0.048487|0.044304|16777216|
