|32|1494|1793|2305|1462|0.019035|0.000480|0.000094|32|
|64|1526|1793|2305|1462|0.019525|0.000479|0.000098|64|
|128|1590|1793|2305|1462|0.018417|0.000476|0.000097|128|
|256|1718|1793|2305|1462|0.018615|0.000473|0.000091|256|
|512|1974|1793|2305|1462|0.018687|0.000485|0.000104|512|
|1024|2486|1793|2305|1462|0.019126|0.000469|0.000096|1024|
|2048|3510|1793|2305|1462|0.018132|0.000449|0.000091|2048|
|4096|5558|1793|2305|1462|0.018389|0.000502|0.000106|4096|
|8192|9654|1793|2305|1462|0.017703|0.000493|0.000107|8192|
|16384|17846|1793|2305|1462|0.019009|0.000509|0.000137|16384|
|32768|34230|1793|2305|1462|0.019211|0.000554|0.000173|32768|
|65536|66998|1793|2305|1462|0.017669|0.000714|0.000272|65536|
|131072|132534|1793|2305|1462|0.019463|0.000872|0.000445|131072|
|262144|263606|1793|2305|1462|0.017831|0.001195|0.000769|262144|
|524288|525750|1793|2305|1462|0.018663|0.002066|0.001558|524288|
|1048576|1050038|1793|2305|1462|0.020199|0.003389|0.003058|1048576|
|2097152|2098614|1793|2305|1462|0.021104|0.006306|0.006663|2097152|
|4194304|4195766|1793|2305|1462|0.019886|0.012676|0.014863|4194304|
|8388608|8390070|1793|2305|1462|0.018501|0.025210|0.022734|8388608|
|16777216|16778678|1793|2305|1462|0.018581|0.050358|0.044864|16777216|
