|32|784|897|1281|752|0.005891|0.000232|0.000050|32|
|64|816|897|1281|752|0.005979|0.000217|0.000044|64|
|128|880|897|1281|752|0.005730|0.000220|0.000045|128|
|256|1008|897|1281|752|0.005734|0.000219|0.000048|256|
|512|1264|897|1281|752|0.005413|0.000212|0.000046|512|
|1024|1776|897|1281|752|0.005270|0.000233|0.000047|1024|
|2048|2800|897|1281|752|0.005598|0.000222|0.000052|2048|
|4096|4848|897|1281|752|0.005632|0.000230|0.000059|4096|
|8192|8944|897|1281|752|0.005954|0.000279|0.000079|8192|
|16384|17136|897|1281|752|0.005714|0.000329|0.000093|16384|
|32768|33520|897|1281|752|0.006191|0.000330|0.000125|32768|
|65536|66288|897|1281|752|0.006194|0.000425|0.000211|65536|
|131072|131824|897|1281|752|0.005659|0.000626|0.000383|131072|
|262144|262896|897|1281|752|0.006000|0.000997|0.000883|262144|
|524288|525040|897|1281|752|0.006268|0.001776|0.001343|524288|
|1048576|1049328|897|1281|752|0.006580|0.003160|0.002667|1048576|
|2097152|2097904|897|1281|752|0.007900|0.005413|0.006391|2097152|
|4194304|4195056|897|1281|752|0.007109|0.011780|0.013377|4194304|
|8388608|8389360|897|1281|752|0.006077|0.024494|0.023359|8388608|
|16777216|16777968|897|1281|752|0.006272|0.048436|0.045423|16777216|
