|32|4627|2592|4864|4595|0.000085|0.000139|0.000071|32|
|64|4659|2592|4864|4595|0.000060|0.000121|0.000056|64|
|128|4723|2592|4864|4595|0.000062|0.000119|0.000059|128|
|256|4851|2592|4864|4595|0.000061|0.000112|0.000059|256|
|512|5107|2592|4864|4595|0.000064|0.000116|0.000061|512|
|1024|5619|2592|4864|4595|0.000061|0.000118|0.000065|1024|
|2048|6643|2592|4864|4595|0.000062|0.000124|0.000064|2048|
|4096|8691|2592|4864|4595|0.000066|0.000129|0.000074|4096|
|8192|12787|2592|4864|4595|0.000060|0.000141|0.000075|8192|
|16384|20979|2592|4864|4595|0.000074|0.000172|0.000110|16384|
|32768|37363|2592|4864|4595|0.000073|0.000217|0.000150|32768|
|65536|70131|2592|4864|4595|0.000071|0.000300|0.000225|65536|
|131072|135667|2592|4864|4595|0.000086|0.000536|0.000436|131072|
|262144|266739|2592|4864|4595|0.000079|0.000951|0.000750|262144|
|524288|528883|2592|4864|4595|0.000089|0.001611|0.001345|524288|
|1048576|1053171|2592|4864|4595|0.000145|0.003155|0.002981|1048576|
|2097152|2101747|2592|4864|4595|0.000100|0.005771|0.006619|2097152|
|4194304|4198899|2592|4864|4595|0.000097|0.012121|0.012942|4194304|
|8388608|8393203|2592|4864|4595|0.000116|0.024698|0.022638|8388608|
|16777216|16781811|2592|4864|4595|0.000113|0.049644|0.045133|16777216|
