|32|35696|48|96|35664|0.000482|0.012373|0.000844|32|
|64|35728|48|96|35664|0.000475|0.012438|0.000844|64|
|128|35792|48|96|35664|0.000500|0.012259|0.000834|128|
|256|35920|48|96|35664|0.000504|0.012880|0.000890|256|
|512|36176|48|96|35664|0.000532|0.011568|0.000843|512|
|1024|36688|48|96|35664|0.000434|0.010879|0.000793|1024|
|2048|37712|48|96|35664|0.000403|0.010645|0.000760|2048|
|4096|39760|48|96|35664|0.000415|0.010734|0.000758|4096|
|8192|43856|48|96|35664|0.000420|0.010979|0.000760|8192|
|16384|52048|48|96|35664|0.000431|0.010685|0.000875|16384|
|32768|68432|48|96|35664|0.000411|0.010849|0.000817|32768|
|65536|101200|48|96|35664|0.000419|0.011256|0.000899|65536|
|131072|166736|48|96|35664|0.000431|0.011437|0.000917|131072|
|262144|297808|48|96|35664|0.000439|0.011688|0.001119|262144|
|524288|559952|48|96|35664|0.000478|0.012900|0.001512|524288|
|1048576|1084240|48|96|35664|0.000518|0.014045|0.002175|1048576|
|2097152|2132816|48|96|35664|0.000520|0.018580|0.004130|2097152|
|4194304|4229968|48|96|35664|0.000477|0.023287|0.006215|4194304|
|8388608|8424272|48|96|35664|0.000470|0.034352|0.011633|8388608|
|16777216|16812880|48|96|35664|0.000451|0.056516|0.023798|16777216|
