|32|17120|32|64|17088|0.000342|0.006824|0.000536|32|
|64|17152|32|64|17088|0.000321|0.006826|0.000589|64|
|128|17216|32|64|17088|0.000326|0.006549|0.000598|128|
|256|17344|32|64|17088|0.000330|0.007060|0.000619|256|
|512|17600|32|64|17088|0.000305|0.006813|0.000566|512|
|1024|18112|32|64|17088|0.000320|0.006624|0.000574|1024|
|2048|19136|32|64|17088|0.000324|0.007073|0.000565|2048|
|4096|21184|32|64|17088|0.000324|0.006859|0.000559|4096|
|8192|25280|32|64|17088|0.000321|0.006612|0.000565|8192|
|16384|33472|32|64|17088|0.000344|0.007399|0.000635|16384|
|32768|49856|32|64|17088|0.000300|0.006874|0.000548|32768|
|65536|82624|32|64|17088|0.000323|0.007120|0.000563|65536|
|131072|148160|32|64|17088|0.000391|0.007101|0.000741|131072|
|262144|279232|32|64|17088|0.000369|0.007402|0.000738|262144|
|524288|541376|32|64|17088|0.000371|0.007715|0.000933|524288|
|1048576|1065664|32|64|17088|0.000355|0.008880|0.001429|1048576|
|2097152|2114240|32|64|17088|0.000339|0.009776|0.002001|2097152|
|4194304|4211392|32|64|17088|0.000529|0.013510|0.004135|4194304|
|8388608|8405696|32|64|17088|0.000364|0.017071|0.005847|8388608|
|16777216|16794304|32|64|17088|0.000319|0.029794|0.010936|16777216|
