|32|49888|64|128|49856|0.001229|0.025127|0.000902|32|
|64|49920|64|128|49856|0.001322|0.024975|0.000906|64|
|128|49984|64|128|49856|0.001229|0.026483|0.000922|128|
|256|50112|64|128|49856|0.001331|0.026253|0.000922|256|
|512|50368|64|128|49856|0.001333|0.025303|0.000912|512|
|1024|50880|64|128|49856|0.001231|0.025232|0.000907|1024|
|2048|51904|64|128|49856|0.001346|0.025612|0.000916|2048|
|4096|53952|64|128|49856|0.001067|0.022609|0.000783|4096|
|8192|58048|64|128|49856|0.001039|0.022056|0.000789|8192|
|16384|66240|64|128|49856|0.001030|0.021898|0.000811|16384|
|32768|82624|64|128|49856|0.001090|0.022226|0.000802|32768|
|65536|115392|64|128|49856|0.001095|0.022250|0.000864|65536|
|131072|180928|64|128|49856|0.001109|0.023955|0.000968|131072|
|262144|312000|64|128|49856|0.001086|0.024154|0.001088|262144|
|524288|574144|64|128|49856|0.001071|0.023662|0.001399|524288|
|1048576|1098432|64|128|49856|0.001158|0.026914|0.002129|1048576|
|2097152|2147008|64|128|49856|0.001088|0.029354|0.003530|2097152|
|4194304|4244160|64|128|49856|0.001244|0.037318|0.006516|4194304|
|8388608|8438464|64|128|49856|0.001458|0.051730|0.012742|8388608|
|16777216|16827072|64|128|49856|0.001283|0.067482|0.023061|16777216|
