|32|3325|1952|4000|3293|0.000039|0.000125|0.000035|32|
|64|3357|1952|4000|3293|0.000039|0.000124|0.000036|64|
|128|3421|1952|4000|3293|0.000052|0.000125|0.000051|128|
|256|3549|1952|4000|3293|0.000039|0.000088|0.000038|256|
|512|3805|1952|4000|3293|0.000043|0.000107|0.000041|512|
|1024|4317|1952|4000|3293|0.000042|0.000103|0.000042|1024|
|2048|5341|1952|4000|3293|0.000046|0.000109|0.000048|2048|
|4096|7389|1952|4000|3293|0.000043|0.000112|0.000048|4096|
|8192|11485|1952|4000|3293|0.000043|0.000122|0.000063|8192|
|16384|19677|1952|4000|3293|0.000042|0.000140|0.000074|16384|
|32768|36061|1952|4000|3293|0.000043|0.000184|0.000120|32768|
|65536|68829|1952|4000|3293|0.000047|0.000290|0.000237|65536|
|131072|134365|1952|4000|3293|0.000058|0.000501|0.000410|131072|
|262144|265437|1952|4000|3293|0.000054|0.000793|0.000708|262144|
|524288|527581|1952|4000|3293|0.000058|0.001458|0.001363|524288|
|1048576|1051869|1952|4000|3293|0.000077|0.002924|0.002940|1048576|
|2097152|2100445|1952|4000|3293|0.000203|0.005381|0.006599|2097152|
|4194304|4197597|1952|4000|3293|0.000180|0.011775|0.013538|4194304|
|8388608|8391901|1952|4000|3293|0.000088|0.026758|0.024544|8388608|
|16777216|16780509|1952|4000|3293|0.000076|0.049163|0.045084|16777216|
