|32|4659|2592|4864|4595|0.000153|0.000494|0.000159|64|
|64|4659|2592|4864|4595|0.000156|0.000509|0.000163|64|
|128|4659|2592|4864|4595|0.000180|0.000562|0.000185|64|
|256|4659|2592|4864|4595|0.000154|0.000474|0.000168|64|
|512|4659|2592|4864|4595|0.000151|0.000487|0.000154|64|
|1024|4659|2592|4864|4595|0.000165|0.000556|0.000173|64|
|2048|4659|2592|4864|4595|0.000157|0.000471|0.000164|64|
|4096|4659|2592|4864|4595|0.000180|0.000519|0.000188|64|
|8192|4659|2592|4864|4595|0.000171|0.000482|0.000197|64|
|16384|4659|2592|4864|4595|0.000160|0.000509|0.000159|64|
|32768|4659|2592|4864|4595|0.000161|0.000529|0.000165|64|
|65536|4659|2592|4864|4595|0.000157|0.000499|0.000158|64|
|131072|4659|2592|4864|4595|0.000159|0.000485|0.000159|64|
|262144|4659|2592|4864|4595|0.000162|0.000504|0.000177|64|
|524288|4659|2592|4864|4595|0.000159|0.000489|0.000170|64|
|1048576|4659|2592|4864|4595|0.000170|0.000468|0.000165|64|
|2097152|4659|2592|4864|4595|0.000174|0.000493|0.000167|64|
|4194304|4659|2592|4864|4595|0.000176|0.000550|0.000170|64|
|8388608|4659|2592|4864|4595|0.000183|0.000529|0.000173|64|
|16777216|4659|2592|4864|4595|0.000174|0.000582|0.000166|64|
