|32|4627|2592|4864|4595|0.000072|0.000152|0.000074|32|
|64|4627|2592|4864|4595|0.000060|0.000218|0.000060|32|
|128|4627|2592|4864|4595|0.000058|0.000136|0.000062|32|
|256|4627|2592|4864|4595|0.000055|0.000109|0.000060|32|
|512|4627|2592|4864|4595|0.000053|0.000126|0.000052|32|
|1024|4627|2592|4864|4595|0.000055|0.000120|0.000054|32|
|2048|4627|2592|4864|4595|0.000057|0.000129|0.000059|32|
|4096|4627|2592|4864|4595|0.000053|0.000126|0.000054|32|
|8192|4627|2592|4864|4595|0.000060|0.000105|0.000053|32|
|16384|4627|2592|4864|4595|0.000075|0.000152|0.000070|32|
|32768|4627|2592|4864|4595|0.000056|0.000124|0.000059|32|
|65536|4627|2592|4864|4595|0.000062|0.000130|0.000062|32|
|131072|4627|2592|4864|4595|0.000063|0.000121|0.000053|32|
|262144|4627|2592|4864|4595|0.000076|0.000171|0.000068|32|
|524288|4627|2592|4864|4595|0.000079|0.000136|0.000096|32|
|1048576|4627|2592|4864|4595|0.000071|0.000160|0.000071|32|
|2097152|4627|2592|4864|4595|0.000079|0.000144|0.000063|32|
|4194304|4627|2592|4864|4595|0.000076|0.000136|0.000057|32|
|8388608|4627|2592|4864|4595|0.000085|0.000145|0.000074|32|
|16777216|4627|2592|4864|4595|0.000094|0.000136|0.000064|32|
