|32|4627|2592|4864|4595|0.000148|0.000502|0.000154|32|
|64|4659|2592|4864|4595|0.000165|0.000455|0.000158|64|
|128|4723|2592|4864|4595|0.000185|0.000498|0.000202|128|
|256|4851|2592|4864|4595|0.000227|0.000641|0.000200|256|
|512|5107|2592|4864|4595|0.000167|0.000491|0.000177|512|
|1024|5619|2592|4864|4595|0.000162|0.000563|0.000170|1024|
|2048|6643|2592|4864|4595|0.000179|0.000516|0.000226|2048|
|4096|8691|2592|4864|4595|0.000191|0.000588|0.000173|4096|
|8192|12787|2592|4864|4595|0.000216|0.000534|0.000199|8192|
|16384|20979|2592|4864|4595|0.000233|0.000574|0.000206|16384|
|32768|37363|2592|4864|4595|0.000172|0.000731|0.000285|32768|
|65536|70131|2592|4864|4595|0.000224|0.000755|0.000381|65536|
|131072|135667|2592|4864|4595|0.000163|0.000991|0.000578|131072|
|262144|266739|2592|4864|4595|0.000157|0.001242|0.000902|262144|
|524288|528883|2592|4864|4595|0.000189|0.002285|0.001884|524288|
|1048576|1053171|2592|4864|4595|0.000167|0.004035|0.003641|1048576|
|2097152|2101747|2592|4864|4595|0.000191|0.007267|0.006940|2097152|
|4194304|4198899|2592|4864|4595|0.000165|0.014026|0.013222|4194304|
|8388608|8393203|2592|4864|4595|0.000185|0.026746|0.026262|8388608|
|16777216|16781811|2592|4864|4595|0.000177|0.056854|0.055565|16777216|
