|32|2452|1312|2528|2420|0.000025|0.000117|0.000019|32|
|64|2484|1312|2528|2420|0.000017|0.000049|0.000018|64|
|128|2548|1312|2528|2420|0.000020|0.000064|0.000029|128|
|256|2676|1312|2528|2420|0.000018|0.000064|0.000021|256|
|512|2932|1312|2528|2420|0.000019|0.000060|0.000021|512|
|1024|3444|1312|2528|2420|0.000018|0.000056|0.000022|1024|
|2048|4468|1312|2528|2420|0.000021|0.000059|0.000023|2048|
|4096|6516|1312|2528|2420|0.000018|0.000100|0.000028|4096|
|8192|10612|1312|2528|2420|0.000018|0.000177|0.000036|8192|
|16384|18804|1312|2528|2420|0.000019|0.000088|0.000073|16384|
|32768|35188|1312|2528|2420|0.000025|0.000116|0.000108|32768|
|65536|67956|1312|2528|2420|0.000020|0.000211|0.000176|65536|
|131072|133492|1312|2528|2420|0.000019|0.000334|0.000330|131072|
|262144|264564|1312|2528|2420|0.000031|0.000613|0.000677|262144|
|524288|526708|1312|2528|2420|0.000023|0.001232|0.001293|524288|
|1048576|1050996|1312|2528|2420|0.000027|0.002656|0.002760|1048576|
|2097152|2099572|1312|2528|2420|0.000035|0.005268|0.005662|2097152|
|4194304|4196724|1312|2528|2420|0.000039|0.010812|0.011078|4194304|
|8388608|8391028|1312|2528|2420|0.000037|0.021413|0.021896|8388608|
|16777216|16779636|1312|2528|2420|0.000041|0.043897|0.044748|16777216|
