|32|2484|1312|2528|2420|0.000019|0.000060|0.000021|64|
|64|2484|1312|2528|2420|0.000020|0.000063|0.000021|64|
|128|2484|1312|2528|2420|0.000023|0.000052|0.000019|64|
|256|2484|1312|2528|2420|0.000027|0.000067|0.000020|64|
|512|2484|1312|2528|2420|0.000020|0.000051|0.000018|64|
|1024|2484|1312|2528|2420|0.000021|0.000059|0.000030|64|
|2048|2484|1312|2528|2420|0.000017|0.000058|0.000017|64|
|4096|2484|1312|2528|2420|0.000020|0.000058|0.000019|64|
|8192|2484|1312|2528|2420|0.000021|0.000069|0.000023|64|
|16384|2484|1312|2528|2420|0.000017|0.000055|0.000018|64|
|32768|2484|1312|2528|2420|0.000023|0.000072|0.000023|64|
|65536|2484|1312|2528|2420|0.000022|0.000065|0.000023|64|
|131072|2484|1312|2528|2420|0.000027|0.000060|0.000022|64|
|262144|2484|1312|2528|2420|0.000021|0.000053|0.000021|64|
|524288|2484|1312|2528|2420|0.000026|0.000068|0.000023|64|
|1048576|2484|1312|2528|2420|0.000024|0.000055|0.000020|64|
|2097152|2484|1312|2528|2420|0.000026|0.000052|0.000020|64|
|4194304|2484|1312|2528|2420|0.000034|0.000055|0.000019|64|
|8388608|2484|1312|2528|2420|0.000042|0.000061|0.000021|64|
|16777216|2484|1312|2528|2420|0.000037|0.000064|0.000021|64|
