|32|3325|1952|4000|3293|0.000116|0.000482|0.000159|32|
|64|3325|1952|4000|3293|0.000129|0.000458|0.000098|32|
|128|3325|1952|4000|3293|0.000106|0.000397|0.000100|32|
|256|3325|1952|4000|3293|0.000115|0.000374|0.000105|32|
|512|3325|1952|4000|3293|0.000148|0.000420|0.000096|32|
|1024|3325|1952|4000|3293|0.000112|0.000420|0.000098|32|
|2048|3325|1952|4000|3293|0.000120|0.000389|0.000113|32|
|4096|3325|1952|4000|3293|0.000130|0.000399|0.000101|32|
|8192|3325|1952|4000|3293|0.000116|0.000384|0.000096|32|
|16384|3325|1952|4000|3293|0.000117|0.000472|0.000106|32|
|32768|3325|1952|4000|3293|0.000166|0.000404|0.000119|32|
|65536|3325|1952|4000|3293|0.000111|0.000411|0.000102|32|
|131072|3325|1952|4000|3293|0.000121|0.000448|0.000213|32|
|262144|3325|1952|4000|3293|0.000116|0.000585|0.000107|32|
|524288|3325|1952|4000|3293|0.000145|0.000414|0.000103|32|
|1048576|3325|1952|4000|3293|0.000122|0.000449|0.000110|32|
|2097152|3325|1952|4000|3293|0.000123|0.000521|0.000107|32|
|4194304|3325|1952|4000|3293|0.000115|0.000467|0.000108|32|
|8388608|3325|1952|4000|3293|0.000122|0.000444|0.000104|32|
|16777216|3325|1952|4000|3293|0.000125|0.000392|0.000106|32|
