|32|686|897|1281|654|0.004925|0.000147|0.000061|64|
|64|721|897|1281|657|0.005230|0.000238|0.000029|64|
|128|783|897|1281|655|0.005135|0.000144|0.000029|64|
|256|908|897|1281|652|0.005060|0.000147|0.000028|64|
|512|1169|897|1281|657|0.004839|0.000277|0.000029|64|
|1024|1678|897|1281|654|0.005103|0.000158|0.000029|64|
|2048|2703|897|1281|655|0.004829|0.000186|0.000030|64|
|4096|4752|897|1281|656|0.005220|0.000253|0.000028|64|
|8192|8843|897|1281|651|0.004996|0.000143|0.000028|64|
|16384|17040|897|1281|656|0.005197|0.000143|0.000029|64|
|32768|33425|897|1281|657|0.005390|0.000143|0.000036|64|
|65536|66193|897|1281|657|0.005257|0.000143|0.000028|64|
|131072|131726|897|1281|654|0.005125|0.000143|0.000028|64|
|262144|262801|897|1281|657|0.005231|0.000162|0.000029|64|
|524288|524944|897|1281|656|0.004992|0.000276|0.000029|64|
|1048576|1049234|897|1281|658|0.005380|0.000143|0.000028|64|
|2097152|2097806|897|1281|654|0.004791|0.000146|0.000028|64|
|4194304|4194955|897|1281|651|0.005250|0.000188|0.000028|64|
|8388608|8389259|897|1281|651|0.004797|0.000146|0.000028|64|
|16777216|16777869|897|1281|653|0.004508|0.000149|0.000028|64|
