|32|1304|1793|2305|1272|0.015195|0.000319|0.000056|64|
|64|1336|1793|2305|1272|0.015271|0.000305|0.000097|64|
|128|1398|1793|2305|1270|0.014817|0.000353|0.000056|64|
|256|1533|1793|2305|1277|0.015787|0.000322|0.000056|64|
|512|1786|1793|2305|1274|0.015210|0.000393|0.000056|64|
|1024|2292|1793|2305|1268|0.014462|0.000341|0.000059|64|
|2048|3320|1793|2305|1272|0.014707|0.000362|0.000056|64|
|4096|5367|1793|2305|1271|0.014700|0.000342|0.000060|64|
|8192|9462|1793|2305|1270|0.014859|0.000287|0.000058|64|
|16384|17656|1793|2305|1272|0.015011|0.000351|0.000068|64|
|32768|34041|1793|2305|1273|0.014065|0.000290|0.000056|64|
|65536|66806|1793|2305|1270|0.015068|0.000290|0.000058|64|
|131072|132341|1793|2305|1269|0.014195|0.000330|0.000082|64|
|262144|263408|1793|2305|1264|0.014646|0.000285|0.000080|64|
|524288|525558|1793|2305|1270|0.014840|0.000287|0.000056|64|
|1048576|1049850|1793|2305|1274|0.014560|0.000296|0.000056|64|
|2097152|2098419|1793|2305|1267|0.015112|0.000333|0.000090|64|
|4194304|4195575|1793|2305|1271|0.016023|0.000398|0.000057|64|
|8388608|8389882|1793|2305|1274|0.015027|0.000286|0.000057|64|
|16777216|16778487|1793|2305|1271|0.014634|0.000326|0.000091|64|
