|32|1920|1958|8684|1888|109.706926|0.164586|0.000699|32|
|64|1920|1958|8684|1888|109.706926|0.182545|0.000760|32|
|128|1920|1958|8684|1888|109.706926|0.182194|0.000767|32|
|256|1920|1958|8684|1888|109.706926|0.180685|0.000735|32|
|512|1920|1958|8684|1888|109.706926|0.182759|0.000784|32|
|1024|1920|1958|8684|1888|109.706926|0.178636|0.000758|32|
|2048|1920|1958|8684|1888|109.706926|0.177461|0.000755|32|
|4096|1920|1958|8684|1888|109.706926|0.177373|0.000787|32|
|8192|1920|1958|8684|1888|109.706926|0.196990|0.000789|32|
|16384|1920|1958|8684|1888|109.706926|0.182651|0.000737|32|
|32768|1920|1958|8684|1888|109.706926|0.182796|0.000809|32|
|65536|1920|1958|8684|1888|109.706926|0.181580|0.000755|32|
|131072|1920|1958|8684|1888|109.706926|0.180774|0.000749|32|
|262144|1920|1958|8684|1888|109.706926|0.181598|0.000862|32|
|524288|1920|1958|8684|1888|109.706926|0.182235|0.000746|32|
|1048576|1920|1958|8684|1888|109.706926|0.182926|0.000868|32|
|2097152|1920|1958|8684|1888|109.706926|0.181862|0.000764|32|
|4194304|1920|1958|8684|1888|109.706926|0.181317|0.000754|32|
|8388608|1920|1958|8684|1888|109.706926|0.182677|0.000788|32|
|16777216|1920|1958|8684|1888|109.706926|0.181768|0.000750|32|
