|32|35728|48|96|35664|0.000658|0.016905|0.001308|64|
|64|35728|48|96|35664|0.000652|0.017283|0.001362|64|
|128|35728|48|96|35664|0.000637|0.017479|0.001372|64|
|256|35728|48|96|35664|0.000712|0.017315|0.001247|64|
|512|35728|48|96|35664|0.000589|0.017079|0.001194|64|
|1024|35728|48|96|35664|0.000636|0.017312|0.001232|64|
|2048|35728|48|96|35664|0.000633|0.017921|0.001372|64|
|4096|35728|48|96|35664|0.000725|0.017261|0.001278|64|
|8192|35728|48|96|35664|0.000651|0.017505|0.001569|64|
|16384|35728|48|96|35664|0.000620|0.016997|0.001476|64|
|32768|35728|48|96|35664|0.000608|0.016840|0.001223|64|
|65536|35728|48|96|35664|0.000650|0.017321|0.001347|64|
|131072|35728|48|96|35664|0.000596|0.017043|0.001165|64|
|262144|35728|48|96|35664|0.000633|0.017264|0.001209|64|
|524288|35728|48|96|35664|0.000603|0.017669|0.001310|64|
|1048576|35728|48|96|35664|0.000620|0.017685|0.001231|64|
|2097152|35728|48|96|35664|0.000584|0.017505|0.001246|64|
|4194304|35728|48|96|35664|0.000631|0.017055|0.001416|64|
|8388608|35728|48|96|35664|0.000619|0.017199|0.001350|64|
|16777216|35728|48|96|35664|0.000609|0.017443|0.001244|64|
