|32|17120|32|64|17088|0.000420|0.009768|0.000912|32|
|64|17152|32|64|17088|0.000406|0.009974|0.000985|64|
|128|17216|32|64|17088|0.000411|0.009916|0.000915|128|
|256|17344|32|64|17088|0.000411|0.009872|0.000874|256|
|512|17600|32|64|17088|0.000423|0.010291|0.000924|512|
|1024|18112|32|64|17088|0.000411|0.010170|0.000882|1024|
|2048|19136|32|64|17088|0.000416|0.009951|0.000946|2048|
|4096|21184|32|64|17088|0.000423|0.010095|0.001002|4096|
|8192|25280|32|64|17088|0.000430|0.010301|0.000947|8192|
|16384|33472|32|64|17088|0.000473|0.010683|0.000948|16384|
|32768|49856|32|64|17088|0.000412|0.010031|0.000996|32768|
|65536|82624|32|64|17088|0.000399|0.010232|0.001015|65536|
|131072|148160|32|64|17088|0.000431|0.011131|0.001250|131072|
|262144|279232|32|64|17088|0.000454|0.011324|0.001713|262144|
|524288|541376|32|64|17088|0.000401|0.013105|0.002229|524288|
|1048576|1065664|32|64|17088|0.000469|0.015222|0.003742|1048576|
|2097152|2114240|32|64|17088|0.000457|0.021613|0.007152|2097152|
|4194304|4211392|32|64|17088|0.000424|0.032491|0.012974|4194304|
|8388608|8405696|32|64|17088|0.000502|0.055420|0.023884|8388608|
|16777216|16794304|32|64|17088|0.000467|0.098123|0.046948|16777216|
