|32|49888|64|128|49856|0.004080|0.077374|0.002385|32|
|64|49920|64|128|49856|0.003741|0.073523|0.002451|64|
|128|49984|64|128|49856|0.003781|0.071339|0.002550|128|
|256|50112|64|128|49856|0.003600|0.070535|0.002515|256|
|512|50368|64|128|49856|0.003908|0.071698|0.002620|512|
|1024|50880|64|128|49856|0.003885|0.072845|0.002474|1024|
|2048|51904|64|128|49856|0.003681|0.070706|0.002928|2048|
|4096|53952|64|128|49856|0.003526|0.072285|0.002406|4096|
|8192|58048|64|128|49856|0.003601|0.071935|0.002611|8192|
|16384|66240|64|128|49856|0.003720|0.073427|0.002445|16384|
|32768|82624|64|128|49856|0.003752|0.073339|0.002549|32768|
|65536|115392|64|128|49856|0.003849|0.071681|0.002829|65536|
|131072|180928|64|128|49856|0.003753|0.073339|0.002789|131072|
|262144|312000|64|128|49856|0.004012|0.072740|0.003140|262144|
|524288|574144|64|128|49856|0.003635|0.073950|0.003534|524288|
|1048576|1098432|64|128|49856|0.003650|0.076073|0.004497|1048576|
|2097152|2147008|64|128|49856|0.004210|0.082496|0.006933|2097152|
|4194304|4244160|64|128|49856|0.003876|0.086619|0.010439|4194304|
|8388608|8438464|64|128|49856|0.003700|0.100696|0.018023|8388608|
|16777216|16827072|64|128|49856|0.003748|0.130065|0.033123|16777216|
