|32|49920|64|128|49856|0.010557|0.199083|0.006027|64|
|64|49920|64|128|49856|0.009949|0.197316|0.005756|64|
|128|49920|64|128|49856|0.010054|0.198108|0.005787|64|
|256|49920|64|128|49856|0.010170|0.198003|0.005596|64|
|512|49920|64|128|49856|0.010358|0.199157|0.005773|64|
|1024|49920|64|128|49856|0.010134|0.200408|0.005694|64|
|2048|49920|64|128|49856|0.010549|0.199568|0.006106|64|
|4096|49920|64|128|49856|0.010202|0.199327|0.005703|64|
|8192|49920|64|128|49856|0.010265|0.197376|0.005607|64|
|16384|49920|64|128|49856|0.010457|0.199314|0.005735|64|
|32768|49920|64|128|49856|0.010443|0.199260|0.005603|64|
|65536|49920|64|128|49856|0.009875|0.200865|0.005533|64|
|131072|49920|64|128|49856|0.010208|0.198453|0.005806|64|
|262144|49920|64|128|49856|0.010075|0.201172|0.005777|64|
|524288|49920|64|128|49856|0.010243|0.199591|0.005844|64|
|1048576|49920|64|128|49856|0.009923|0.197991|0.005623|64|
|2097152|49920|64|128|49856|0.010297|0.198017|0.005521|64|
|4194304|49920|64|128|49856|0.010420|0.200043|0.006089|64|
|8388608|49920|64|128|49856|0.010560|0.199600|0.005953|64|
|16777216|49920|64|128|49856|0.010065|0.198417|0.005738|64|
