|32|35696|48|96|35664|0.002996|0.074234|0.004349|32|
|64|35696|48|96|35664|0.003145|0.079716|0.004408|32|
|128|35696|48|96|35664|0.003067|0.080716|0.004818|32|
|256|35696|48|96|35664|0.002956|0.077214|0.004421|32|
|512|35696|48|96|35664|0.002884|0.075902|0.004386|32|
|1024|35696|48|96|35664|0.002921|0.080132|0.004142|32|
|2048|35696|48|96|35664|0.002971|0.076914|0.004693|32|
|4096|35696|48|96|35664|0.003111|0.077744|0.004364|32|
|8192|35696|48|96|35664|0.002963|0.081804|0.004357|32|
|16384|35696|48|96|35664|0.003053|0.078515|0.004502|32|
|32768|35696|48|96|35664|0.002959|0.073587|0.004077|32|
|65536|35696|48|96|35664|0.002979|0.073479|0.004222|32|
|131072|35696|48|96|35664|0.002775|0.073540|0.004269|32|
|262144|35696|48|96|35664|0.002790|0.073224|0.004306|32|
|524288|35696|48|96|35664|0.002956|0.072872|0.004562|32|
|1048576|35696|48|96|35664|0.002677|0.074560|0.004003|32|
|2097152|35696|48|96|35664|0.002775|0.074070|0.004160|32|
|4194304|35696|48|96|35664|0.003134|0.075239|0.004256|32|
|8388608|35696|48|96|35664|0.003170|0.072883|0.004230|32|
|16777216|35696|48|96|35664|0.002951|0.074170|0.004466|32|
