|32|35696|48|96|35664|0.002979|0.077147|0.004198|32|
|64|35728|48|96|35664|0.002763|0.072121|0.004136|64|
|128|35792|48|96|35664|0.002966|0.071424|0.004157|128|
|256|35920|48|96|35664|0.002777|0.071634|0.004097|256|
|512|36176|48|96|35664|0.002912|0.077203|0.004650|512|
|1024|36688|48|96|35664|0.002921|0.078085|0.004440|1024|
|2048|37712|48|96|35664|0.002789|0.075057|0.004285|2048|
|4096|39760|48|96|35664|0.002908|0.077657|0.004441|4096|
|8192|43856|48|96|35664|0.002930|0.076465|0.004380|8192|
|16384|52048|48|96|35664|0.002849|0.075561|0.004135|16384|
|32768|68432|48|96|35664|0.002885|0.075997|0.004212|32768|
|65536|101200|48|96|35664|0.002997|0.074759|0.004571|65536|
|131072|166736|48|96|35664|0.003025|0.075836|0.004726|131072|
|262144|297808|48|96|35664|0.002868|0.077787|0.004863|262144|
|524288|559952|48|96|35664|0.002966|0.076551|0.005613|524288|
|1048576|1084240|48|96|35664|0.002833|0.079171|0.006842|1048576|
|2097152|2132816|48|96|35664|0.002892|0.085581|0.009168|2097152|
|4194304|4229968|48|96|35664|0.002889|0.092509|0.014014|4194304|
|8388608|8424272|48|96|35664|0.002861|0.109921|0.022982|8388608|
|16777216|16812880|48|96|35664|0.002981|0.144448|0.040778|16777216|
