|64|2484|1312|2528|2420|0.000067|67|0.000128|128|0.000071|71|0.000037|37|
|76|2496|1312|2528|2420|0.000025|25|0.000039|39|0.000019|19|0.000018|18|
|91|2511|1312|2528|2420|0.000018|18|0.000056|56|0.000018|18|0.000018|18|
|109|2529|1312|2528|2420|0.000018|18|0.000052|52|0.000018|18|0.000018|18|
|130|2550|1312|2528|2420|0.000018|18|0.000040|40|0.000018|18|0.000028|28|
|156|2576|1312|2528|2420|0.000017|17|0.000079|79|0.000017|17|0.000018|18|
|187|2607|1312|2528|2420|0.000017|17|0.000062|62|0.000018|18|0.000017|17|
|224|2644|1312|2528|2420|0.000017|17|0.000099|99|0.000018|18|0.000018|18|
|268|2688|1312|2528|2420|0.000017|17|0.000076|76|0.000018|18|0.000018|18|
|321|2741|1312|2528|2420|0.000016|16|0.000075|75|0.000018|18|0.000013|13|
|385|2805|1312|2528|2420|0.000017|17|0.000024|24|0.000018|18|0.000018|18|
|462|2882|1312|2528|2420|0.000017|17|0.000033|33|0.000018|18|0.000019|19|
|554|2974|1312|2528|2420|0.000016|16|0.000055|55|0.000018|18|0.000018|18|
|664|3084|1312|2528|2420|0.000017|17|0.000046|46|0.000019|19|0.000018|18|
|796|3216|1312|2528|2420|0.000016|16|0.000031|31|0.000019|19|0.000019|19|
|955|3375|1312|2528|2420|0.000017|17|0.000063|63|0.000020|20|0.000019|19|
|1146|3566|1312|2528|2420|0.000017|17|0.000055|55|0.000020|20|0.000019|19|
|1375|3795|1312|2528|2420|0.000017|17|0.000070|70|0.000020|20|0.000020|20|
|1650|4070|1312|2528|2420|0.000017|17|0.000033|33|0.000026|26|0.000020|20|
|1980|4400|1312|2528|2420|0.000017|17|0.000027|27|0.000021|21|0.000021|21|
|2376|4796|1312|2528|2420|0.000016|16|0.000118|118|0.000022|22|0.000022|22|
|2851|5271|1312|2528|2420|0.000016|16|0.000051|51|0.000024|24|0.000023|23|
|3421|5841|1312|2528|2420|0.000016|16|0.000051|51|0.000024|24|0.000023|23|
|4105|6525|1312|2528|2420|0.000017|17|0.000046|46|0.000026|26|0.000025|25|
|4926|7346|1312|2528|2420|0.000017|17|0.000039|39|0.000027|27|0.000027|27|
|5911|8331|1312|2528|2420|0.000016|16|0.000068|68|0.000029|29|0.000028|28|
|7093|9513|1312|2528|2420|0.000017|17|0.000037|37|0.000032|32|0.000031|31|
|8511|10931|1312|2528|2420|0.000016|16|0.000060|60|0.000035|35|0.000034|34|
|10213|12633|1312|2528|2420|0.000016|16|0.000043|43|0.000039|39|0.000037|37|
|12255|14675|1312|2528|2420|0.000017|17|0.000072|72|0.000043|43|0.000040|40|
|14706|17126|1312|2528|2420|0.000016|16|0.000104|104|0.000048|48|0.000045|45|
|17647|20067|1312|2528|2420|0.000017|17|0.000099|99|0.000054|54|0.000051|51|
|21176|23596|1312|2528|2420|0.000017|17|0.000110|110|0.000061|61|0.000058|58|
|25411|27831|1312|2528|2420|0.000016|16|0.000072|72|0.000071|71|0.000066|66|
|30493|32913|1312|2528|2420|0.000017|17|0.000082|82|0.000082|82|0.000076|76|
|36591|39011|1312|2528|2420|0.000016|16|0.000142|142|0.000098|98|0.000092|92|
|43909|46329|1312|2528|2420|0.000018|18|0.000155|155|0.000132|132|0.000101|101|
|52690|55110|1312|2528|2420|0.000017|17|0.000182|182|0.000128|128|0.000120|120|
|63228|65648|1312|2528|2420|0.000029|29|0.000268|268|0.000229|229|0.000201|201|
|75873|78293|1312|2528|2420|0.000020|20|0.000182|182|0.000178|178|0.000167|167|
|91047|93467|1312|2528|2420|0.000017|17|0.000232|232|0.000210|210|0.000233|233|
|109256|111676|1312|2528|2420|0.000017|17|0.000253|253|0.000246|246|0.000226|226|
|131107|133527|1312|2528|2420|0.000017|17|0.000332|332|0.000316|316|0.000544|544|
|157328|159748|1312|2528|2420|0.000021|21|0.000409|409|0.000375|375|0.000342|342|
|188793|191213|1312|2528|2420|0.000017|17|0.000392|392|0.000419|419|0.000381|381|
|226551|228971|1312|2528|2420|0.000016|16|0.000515|515|0.000518|518|0.000719|719|
|271861|274281|1312|2528|2420|0.000017|17|0.000572|572|0.000588|588|0.000594|594|
|326233|328653|1312|2528|2420|0.000018|18|0.000687|687|0.000700|700|0.000645|645|
|391479|393899|1312|2528|2420|0.000017|17|0.000792|792|0.000854|854|0.001057|1057|
|469774|472194|1312|2528|2420|0.000019|19|0.001540|1540|0.001029|1029|0.000962|962|
|563728|566148|1312|2528|2420|0.000019|19|0.001204|1204|0.001552|1552|0.001437|1437|
|676473|678893|1312|2528|2420|0.000024|24|0.001404|1404|0.001548|1548|0.001341|1341|
|811767|814187|1312|2528|2420|0.000019|19|0.002358|2358|0.002231|2231|0.002209|2209|
|974120|976540|1312|2528|2420|0.000022|22|0.002225|2225|0.002147|2147|0.001950|1950|
|1168944|1171364|1312|2528|2420|0.000019|19|0.002781|2781|0.005485|5485|0.004368|4368|
|1402732|1405152|1312|2528|2420|0.000022|22|0.002993|2993|0.003653|3653|0.002932|2932|
|1683278|1685698|1312|2528|2420|0.000022|22|0.003534|3534|0.003980|3980|0.003805|3805|
|2019933|2022353|1312|2528|2420|0.000024|24|0.004036|4036|0.004381|4381|0.006168|6168|
|2423919|2426339|1312|2528|2420|0.000023|23|0.005170|5170|0.006002|6002|0.005811|5811|
|2908702|2911122|1312|2528|2420|0.000023|23|0.006013|6013|0.009866|9866|0.006223|6223|
|3490442|3492862|1312|2528|2420|0.000031|31|0.008502|8502|0.007466|7466|0.008202|8202|
|4188530|4190950|1312|2528|2420|0.000025|25|0.014946|14946|0.015099|15099|0.009788|9788|
|5026236|5028656|1312|2528|2420|0.000030|30|0.014452|14452|0.012160|12160|0.010561|10561|
|6031483|6033903|1312|2528|2420|0.000040|40|0.013514|13514|0.016028|16028|0.024934|24934|
|7237779|7240199|1312|2528|2420|0.000029|29|0.019456|19456|0.016818|16818|0.025290|25290|
|8685334|8687754|1312|2528|2420|0.000032|32|0.019136|19136|0.025733|25733|0.019550|19550|
|10422400|10424820|1312|2528|2420|0.000030|30|0.025358|25358|0.037397|37397|0.024576|24576|
|12506880|12509300|1312|2528|2420|0.000030|30|0.034084|34084|0.032128|32128|0.030390|30390|
|15008256|15010676|1312|2528|2420|0.000038|38|0.036795|36795|0.037984|37984|0.038334|38334|
|18009907|18012327|1312|2528|2420|0.000042|42|0.044410|44410|0.039968|39968|0.039261|39261|
|21611888|21614308|1312|2528|2420|0.000029|29|0.050792|50792|0.050424|50424|0.049560|49560|
|25934265|25936685|1312|2528|2420|0.000038|38|0.062324|62324|0.061486|61486|0.066197|66197|
|31121118|31123538|1312|2528|2420|0.000030|30|0.069050|69050|0.074393|74393|0.068787|68787|
|37345341|37347761|1312|2528|2420|0.000041|41|0.083369|83369|0.102356|102356|0.094913|94913|
|44814409|44816829|1312|2528|2420|0.000040|40|0.109890|109890|0.119636|119636|0.107184|107184|
|53777290|53779710|1312|2528|2420|0.000040|40|0.124570|124570|0.123738|123738|0.130135|130135|
|64532748|64535168|1312|2528|2420|0.000031|31|0.155002|155002|0.154567|154567|0.166667|166667|
|77439297|77441717|1312|2528|2420|0.000032|32|0.178124|178124|0.191460|191460|0.176633|176633|
|92927156|92929576|1312|2528|2420|0.000039|39|0.218501|218501|0.234072|234072|0.232838|232838|
|111512587|111515007|1312|2528|2420|0.000039|39|0.260520|260520|0.285842|285842|0.247063|247063|
|133815104|133817524|1312|2528|2420|0.000039|39|0.306662|306662|0.344597|344597|0.295746|295746|
