|64|2484|1312|2528|2420|0.000056|56|0.000075|75|0.000029|29|0.000028|28|
|76|2496|1312|2528|2420|0.000023|23|0.000191|191|0.000030|30|0.000032|32|
|91|2511|1312|2528|2420|0.000025|25|0.000160|160|0.000031|31|0.000032|32|
|109|2529|1312|2528|2420|0.000025|25|0.000076|76|0.000030|30|0.000030|30|
|130|2550|1312|2528|2420|0.000051|51|0.000120|120|0.000027|27|0.000026|26|
|156|2576|1312|2528|2420|0.000021|21|0.000049|49|0.000027|27|0.000027|27|
|187|2607|1312|2528|2420|0.000020|20|0.000048|48|0.000026|26|0.000051|51|
|224|2644|1312|2528|2420|0.000021|21|0.000104|104|0.000026|26|0.000027|27|
|268|2688|1312|2528|2420|0.000021|21|0.000150|150|0.000027|27|0.000028|28|
|321|2741|1312|2528|2420|0.000021|21|0.000050|50|0.000027|27|0.000025|25|
|385|2805|1312|2528|2420|0.000018|18|0.000033|33|0.000025|25|0.000025|25|
|462|2882|1312|2528|2420|0.000019|19|0.000098|98|0.000025|25|0.000025|25|
|554|2974|1312|2528|2420|0.000019|19|0.000046|46|0.000026|26|0.000026|26|
|664|3084|1312|2528|2420|0.000019|19|0.000059|59|0.000027|27|0.000027|27|
|796|3216|1312|2528|2420|0.000019|19|0.000048|48|0.000028|28|0.000027|27|
|955|3375|1312|2528|2420|0.000019|19|0.000337|337|0.000028|28|0.000027|27|
|1146|3566|1312|2528|2420|0.000019|19|0.000050|50|0.000029|29|0.000028|28|
|1375|3795|1312|2528|2420|0.000019|19|0.000078|78|0.000030|30|0.000029|29|
|1650|4070|1312|2528|2420|0.000019|19|0.000039|39|0.000031|31|0.000031|31|
|1980|4400|1312|2528|2420|0.000019|19|0.000084|84|0.000032|32|0.000082|82|
|2376|4796|1312|2528|2420|0.000018|18|0.000089|89|0.000033|33|0.000033|33|
|2851|5271|1312|2528|2420|0.000019|19|0.000131|131|0.000053|53|0.000035|35|
|3421|5841|1312|2528|2420|0.000019|19|0.000155|155|0.000040|40|0.000037|37|
|4105|6525|1312|2528|2420|0.000019|19|0.000049|49|0.000042|42|0.000041|41|
|4926|7346|1312|2528|2420|0.000019|19|0.000064|64|0.000046|46|0.000045|45|
|5911|8331|1312|2528|2420|0.000018|18|0.000057|57|0.000050|50|0.000048|48|
|7093|9513|1312|2528|2420|0.000019|19|0.000075|75|0.000056|56|0.000053|53|
|8511|10931|1312|2528|2420|0.000018|18|0.000207|207|0.000062|62|0.000059|59|
|10213|12633|1312|2528|2420|0.000019|19|0.000088|88|0.000071|71|0.000067|67|
|12255|14675|1312|2528|2420|0.000019|19|0.000098|98|0.000089|89|0.000075|75|
|14706|17126|1312|2528|2420|0.000019|19|0.000197|197|0.000092|92|0.000088|88|
|17647|20067|1312|2528|2420|0.000019|19|0.000144|144|0.000105|105|0.000103|103|
|21176|23596|1312|2528|2420|0.000019|19|0.000180|180|0.000123|123|0.000113|113|
|25411|27831|1312|2528|2420|0.000019|19|0.000156|156|0.000143|143|0.000133|133|
|30493|32913|1312|2528|2420|0.000018|18|0.000204|204|0.000165|165|0.000188|188|
|36591|39011|1312|2528|2420|0.000019|19|0.000190|190|0.000194|194|0.000183|183|
|43909|46329|1312|2528|2420|0.000020|20|0.000286|286|0.000202|202|0.000111|111|
|52690|55110|1312|2528|2420|0.000027|27|0.000256|256|0.000163|163|0.000150|150|
|63228|65648|1312|2528|2420|0.000060|60|0.000226|226|0.000221|221|0.000149|149|
|75873|78293|1312|2528|2420|0.000013|13|0.000206|206|0.000214|214|0.000201|201|
|91047|93467|1312|2528|2420|0.000019|19|0.000316|316|0.000218|218|0.000198|198|
|109256|111676|1312|2528|2420|0.000021|21|0.000333|333|0.000265|265|0.000240|240|
|131107|133527|1312|2528|2420|0.000015|15|0.000285|285|0.000298|298|0.000272|272|
|157328|159748|1312|2528|2420|0.000010|10|0.000390|390|0.000539|539|0.000443|443|
|188793|191213|1312|2528|2420|0.000011|11|0.000485|485|0.000487|487|0.000426|426|
|226551|228971|1312|2528|2420|0.000009|9|0.000502|502|0.000504|504|0.000446|446|
|271861|274281|1312|2528|2420|0.000008|8|0.000623|623|0.000611|611|0.000562|562|
|326233|328653|1312|2528|2420|0.000011|11|0.000674|674|0.000705|705|0.000638|638|
|391479|393899|1312|2528|2420|0.000011|11|0.000838|838|0.000847|847|0.000762|762|
|469774|472194|1312|2528|2420|0.000016|16|0.001121|1121|0.001134|1134|0.001762|1762|
|563728|566148|1312|2528|2420|0.000010|10|0.001156|1156|0.001248|1248|0.001113|1113|
|676473|678893|1312|2528|2420|0.000010|10|0.001483|1483|0.001563|1563|0.001417|1417|
|811767|814187|1312|2528|2420|0.000011|11|0.001709|1709|0.001786|1786|0.001782|1782|
|974120|976540|1312|2528|2420|0.000016|16|0.002343|2343|0.002136|2136|0.002051|2051|
|1168944|1171364|1312|2528|2420|0.000014|14|0.002857|2857|0.002846|2846|0.002691|2691|
|1402732|1405152|1312|2528|2420|0.000013|13|0.002890|2890|0.002995|2995|0.002878|2878|
|1683278|1685698|1312|2528|2420|0.000013|13|0.005358|5358|0.003938|3938|0.003317|3317|
|2019933|2022353|1312|2528|2420|0.000012|12|0.005103|5103|0.004538|4538|0.004087|4087|
|2423919|2426339|1312|2528|2420|0.000013|13|0.004913|4913|0.005370|5370|0.004744|4744|
|2908702|2911122|1312|2528|2420|0.000014|14|0.006170|6170|0.006249|6249|0.005887|5887|
|3490442|3492862|1312|2528|2420|0.000016|16|0.007856|7856|0.008169|8169|0.007660|7660|
|4188530|4190950|1312|2528|2420|0.000018|18|0.011160|11160|0.009380|9380|0.010530|10530|
|5026236|5028656|1312|2528|2420|0.000019|19|0.010676|10676|0.012733|12733|0.010521|10521|
|6031483|6033903|1312|2528|2420|0.000024|24|0.015630|15630|0.013863|13863|0.012221|12221|
|7237779|7240199|1312|2528|2420|0.000026|26|0.016974|16974|0.016664|16664|0.014594|14594|
|8685334|8687754|1312|2528|2420|0.000020|20|0.030787|30787|0.021300|21300|0.019199|19199|
|10422400|10424820|1312|2528|2420|0.000021|21|0.025328|25328|0.023149|23149|0.022232|22232|
|12506880|12509300|1312|2528|2420|0.000030|30|0.030577|30577|0.029762|29762|0.030761|30761|
|15008256|15010676|1312|2528|2420|0.000047|47|0.045826|45826|0.037584|37584|0.031150|31150|
|18009907|18012327|1312|2528|2420|0.000030|30|0.040598|40598|0.043628|43628|0.041605|41605|
|21611888|21614308|1312|2528|2420|0.000032|32|0.056349|56349|0.052660|52660|0.046900|46900|
|25934265|25936685|1312|2528|2420|0.000029|29|0.062822|62822|0.068771|68771|0.058525|58525|
|31121118|31123538|1312|2528|2420|0.000021|21|0.070553|70553|0.075991|75991|0.068717|68717|
|37345341|37347761|1312|2528|2420|0.000020|20|0.085240|85240|0.090740|90740|0.084743|84743|
|44814409|44816829|1312|2528|2420|0.000021|21|0.099931|99931|0.110664|110664|0.110935|110935|
|53777290|53779710|1312|2528|2420|0.000031|31|0.132625|132625|0.129191|129191|0.122096|122096|
|64532748|64535168|1312|2528|2420|0.000020|20|0.166660|166660|0.164965|164965|0.146773|146773|
|77439297|77441717|1312|2528|2420|0.000022|22|0.174597|174597|0.205163|205163|0.186508|186508|
|92927156|92929576|1312|2528|2420|0.000020|20|0.222514|222514|0.238712|238712|0.206631|206631|
|111512587|111515007|1312|2528|2420|0.000023|23|0.262861|262861|0.296790|296790|0.252205|252205|
|133815104|133817524|1312|2528|2420|0.000029|29|0.314202|314202|0.361663|361663|0.324595|324595|
