|64|2452|1312|2528|2420|0.000032|0.000098|0.000031|32|
|128|2452|1312|2528|2420|0.000048|0.000144|0.000052|32|
|256|2452|1312|2528|2420|0.000043|0.000123|0.000047|32|
|512|2452|1312|2528|2420|0.000046|0.000145|0.000049|32|
|1024|2452|1312|2528|2420|0.000030|0.000144|0.000036|32|
|2048|2452|1312|2528|2420|0.000033|0.000142|0.000048|32|
|4096|2452|1312|2528|2420|0.000053|0.000100|0.000056|32|
|8192|2452|1312|2528|2420|0.000038|0.000127|0.000039|32|
|16384|2452|1312|2528|2420|0.000039|0.000120|0.000039|32|
|32768|2452|1312|2528|2420|0.000040|0.000123|0.000039|32|
|65536|2452|1312|2528|2420|0.000068|0.000174|0.000074|32|
|131072|2452|1312|2528|2420|0.000061|0.000125|0.000057|32|
|262144|2452|1312|2528|2420|0.000055|0.000115|0.000055|32|
|524288|2452|1312|2528|2420|0.000042|0.000081|0.000034|32|
|1048576|2452|1312|2528|2420|0.000044|0.000070|0.000034|32|
|2097152|2452|1312|2528|2420|0.000053|0.000108|0.000037|32|
|4194304|2452|1312|2528|2420|0.000059|0.000175|0.000037|32|
|8388608|2452|1312|2528|2420|0.000060|0.000157|0.000041|32|
|16777216|2452|1312|2528|2420|0.000058|0.000111|0.000033|32|
