|64|2484|1312|2528|2420|0.000049|0.000120|0.000047|64|
|128|2548|1312|2528|2420|0.000045|0.000099|0.000047|128|
|256|2676|1312|2528|2420|0.000046|0.000182|0.000047|256|
|512|2932|1312|2528|2420|0.000046|0.000185|0.000051|512|
|1024|3444|1312|2528|2420|0.000081|0.000154|0.000078|1024|
|2048|4468|1312|2528|2420|0.000049|0.000229|0.000072|2048|
|4096|6516|1312|2528|2420|0.000042|0.000160|0.000066|4096|
|8192|10612|1312|2528|2420|0.000034|0.000122|0.000070|8192|
|16384|18804|1312|2528|2420|0.000055|0.000166|0.000114|16384|
|32768|35188|1312|2528|2420|0.000047|0.000294|0.000251|32768|
|65536|67956|1312|2528|2420|0.000038|0.000409|0.000314|65536|
|131072|133492|1312|2528|2420|0.000039|0.000646|0.000607|131072|
|262144|264564|1312|2528|2420|0.000040|0.001125|0.001230|262144|
|524288|526708|1312|2528|2420|0.000039|0.002254|0.002347|524288|
|1048576|1050996|1312|2528|2420|0.000042|0.004131|0.004492|1048576|
|2097152|2099572|1312|2528|2420|0.000051|0.008602|0.009820|2097152|
|4194304|4196724|1312|2528|2420|0.000059|0.017645|0.018195|4194304|
|8388608|8391028|1312|2528|2420|0.000059|0.032871|0.034307|8388608|
|16777216|16779636|1312|2528|2420|0.000061|0.066517|0.069919|16777216|
