|64|2484|1312|2528|2420|0.000039|0.000091|0.000034|64|
|128|2484|1312|2528|2420|0.000042|0.000110|0.000043|64|
|256|2484|1312|2528|2420|0.000038|0.000114|0.000040|64|
|512|2484|1312|2528|2420|0.000041|0.000128|0.000065|64|
|1024|2484|1312|2528|2420|0.000042|0.000143|0.000054|64|
|2048|2484|1312|2528|2420|0.000037|0.000150|0.000038|64|
|4096|2484|1312|2528|2420|0.000030|0.000095|0.000035|64|
|8192|2484|1312|2528|2420|0.000032|0.000114|0.000032|64|
|16384|2484|1312|2528|2420|0.000030|0.000098|0.000031|64|
|32768|2484|1312|2528|2420|0.000034|0.000094|0.000035|64|
|65536|2484|1312|2528|2420|0.000054|0.000157|0.000050|64|
|131072|2484|1312|2528|2420|0.000039|0.000097|0.000037|64|
|262144|2484|1312|2528|2420|0.000047|0.000068|0.000033|64|
|524288|2484|1312|2528|2420|0.000039|0.000165|0.000034|64|
|1048576|2484|1312|2528|2420|0.000074|0.000115|0.000035|64|
|2097152|2484|1312|2528|2420|0.000072|0.000138|0.000040|64|
|4194304|2484|1312|2528|2420|0.000059|0.000105|0.000034|64|
|8388608|2484|1312|2528|2420|0.000056|0.000073|0.000035|64|
|16777216|2484|1312|2528|2420|0.000057|0.000080|0.000029|64|
